1 49.96 50.2 50.0
2 49.76 50.2 49.47
3 44.92 46.2 45.59
4 42.28 44.0 42.67
5 35.96 37.4 35.22
6 27.24 28.599999999999998 28.249999999999996
7 21.04 22.2 23.23
8 19.919999999999998 21.0 20.25
9 19.400000000000002 21.0 21.67
10 19.12 18.2 20.29
11 17.52 19.8 19.99
12 14.879999999999999 18.8 17.05
13 13.68 15.6 16.63
14 12.68 13.200000000000001 15.5
15 11.88 13.200000000000001 13.87
16 8.92 11.0 10.84
17 10.92 13.4 13.239999999999998
18 10.56 14.000000000000002 13.43
19 9.32 11.4 12.9
20 10.16 13.4 13.19
21 8.08 11.600000000000001 11.97
22 7.64 12.4 11.16
23 7.16 10.0 10.71
24 6.52 10.8 9.86
25 6.4399999999999995 10.6 11.4
26 6.279999999999999 10.6 11.29
27 5.92 10.4 11.08
28 7.48 13.4 11.899999999999999
29 6.36 9.6 10.979999999999999
30 5.28 12.4 11.12
31 4.8 10.6 11.41
32 4.32 11.0 10.54
33 4.44 11.0 12.23
34 4.04 12.0 11.48
35 3.88 10.0 12.280000000000001
36 4.0 11.600000000000001 12.520000000000001
37 3.8 12.0 12.839999999999998
38 3.4799999999999995 10.4 13.03
39 3.92 13.0 14.000000000000002
40 3.84 13.600000000000001 13.059999999999999
41 3.6799999999999997 13.600000000000001 13.98
42 2.56 14.799999999999999 14.580000000000002
43 2.48 16.2 14.030000000000001
44 2.32 15.0 15.770000000000001
45 3.0 14.6 15.509999999999998
46 3.2399999999999998 15.4 16.81
47 2.6 16.0 18.0
48 1.92 18.4 16.88
49 2.16 16.0 17.119999999999997
50 2.0 17.0 18.15
51 2.0 18.6 18.88
52 1.7999999999999998 20.0 19.48
53 1.8800000000000001 20.4 19.259999999999998
54 1.5599999999999998 19.2 19.470000000000002
55 2.2399999999999998 21.4 20.41
56 1.7999999999999998 22.0 21.27
57 1.7999999999999998 21.4 21.3
58 1.44 22.2 21.25
59 1.44 22.2 22.009999999999998
60 1.76 22.6 22.58
61 1.44 21.0 22.7
62 1.28 23.200000000000003 23.47
63 1.32 24.6 24.279999999999998
64 1.5599999999999998 23.799999999999997 24.26
65 1.28 23.400000000000002 24.27
66 1.68 24.2 25.419999999999998
67 1.6 25.0 25.47
68 1.08 25.2 25.86
69 1.16 22.8 25.619999999999997
70 1.0 26.400000000000002 26.08
71 1.0 25.6 26.02
72 1.0 28.4 27.46
73 1.08 26.400000000000002 26.229999999999997
74 0.84 27.6 27.41
75 1.2 30.599999999999998 27.42
76 0.84 26.8 27.73
77 0.9199999999999999 30.8 27.860000000000003
78 0.96 28.599999999999998 28.52
79 0.9199999999999999 30.0 29.24
80 0.76 30.0 29.24
81 1.04 30.2 29.94
82 1.0 29.4 29.580000000000002
83 1.08 29.4 29.59
84 0.9199999999999999 31.2 30.630000000000003
85 0.76 29.599999999999998 29.82
86 0.8 31.0 31.080000000000002
87 0.88 32.800000000000004 30.69
88 0.96 30.2 31.06
89 0.5599999999999999 30.8 31.240000000000002
90 0.84 32.6 31.05
91 0.6799999999999999 33.2 31.52
92 0.72 33.800000000000004 32.879999999999995
93 0.5599999999999999 35.6 32.01
94 0.84 33.2 32.75
95 0.5599999999999999 31.2 31.740000000000002
96 0.6799999999999999 34.2 32.65
97 0.6799999999999999 33.0 33.050000000000004
98 0.6 35.0 33.67
99 0.4 34.2 33.050000000000004
100 0.8 33.800000000000004 33.629999999999995
101 0.6799999999999999 33.2 33.6
102 0.6799999999999999 35.199999999999996 33.48
103 0.6 35.6 34.12
104 0.44 34.8 34.71
105 0.5599999999999999 34.0 34.699999999999996
106 0.5599999999999999 36.0 34.589999999999996
107 0.5599999999999999 34.4 33.69
108 0.5599999999999999 33.6 34.19
109 0.64 37.0 35.56
110 0.5599999999999999 35.8 35.120000000000005
111 0.36 35.8 35.57
112 0.5599999999999999 36.0 34.73
113 0.44 35.8 35.02
114 0.48 35.8 36.16
115 0.6 37.0 35.76
116 0.44 37.6 35.91
117 0.4 38.800000000000004 35.870000000000005
118 0.52 38.6 36.69
119 0.52 36.4 36.64
120 0.52 37.0 36.57
121 0.5599999999999999 40.400000000000006 36.9
122 0.24 37.2 36.77
123 0.44 38.6 36.64
124 0.4 36.0 36.559999999999995
125 0.5599999999999999 37.2 37.32
126 0.36 38.4 37.07
127 0.44 37.6 36.870000000000005
128 0.2 36.199999999999996 36.85
129 0.4 39.2 37.49
130 0.36 38.2 37.12
131 0.4 39.4 38.019999999999996
132 0.52 40.0 38.04
133 0.36 42.6 38.51
134 0.44 38.6 37.940000000000005
135 0.2 36.4 38.06
136 0.4 37.0 38.32
137 0.27999999999999997 40.0 38.46
138 0.36 40.0 38.92
139 0.27999999999999997 39.0 38.5
140 0.36 40.2 38.4
141 0.24 40.0 38.09
142 0.27999999999999997 39.2 38.629999999999995
143 0.32 39.6 38.67
144 0.32 41.6 39.0
145 0.36 38.2 39.35
146 0.16 39.6 38.65
147 0.27999999999999997 38.4 38.61
148 0.4 40.6 39.129999999999995
149 0.32 39.800000000000004 39.34
150 0.72 39.4 38.84
151 0.36 40.400000000000006 39.34
152 0.32 41.199999999999996 39.36
153 0.52 39.0 39.92
154 0.52 40.400000000000006 39.47
155 0.48 40.0 39.4
156 0.27999999999999997 41.8 39.85
157 0.32 41.4 40.01
158 0.52 39.2 39.43
159 0.64 42.4 40.36
160 0.48 42.199999999999996 40.08
161 0.32 40.6 40.31
162 0.32 39.6 39.93
163 0.32 41.8 40.33
164 0.32 40.400000000000006 39.839999999999996
165 0.32 43.2 40.64
166 0.32 40.2 40.86
167 0.76 43.0 40.81
168 0.64 42.8 40.73
169 0.4 41.8 40.61
170 0.44 42.4 40.53
171 0.36 42.6 40.83
172 0.72 42.4 40.97
173 0.64 43.0 40.52
174 0.52 42.0 40.87
175 0.4 41.8 40.46
176 0.4 41.0 40.36
177 0.72 42.8 41.589999999999996
178 0.5599999999999999 41.4 41.27
179 0.27999999999999997 42.4 41.04
180 0.48 43.8 41.760000000000005
181 0.64 41.4 41.25
182 0.6 42.199999999999996 41.68
183 0.44 42.0 41.370000000000005
184 0.48 42.8 41.25
185 0.48 41.8 41.82
186 0.48 42.199999999999996 41.38
187 0.48 42.4 41.27
188 0.44 41.4 41.08
189 0.36 43.0 41.3
190 0.76 42.8 41.43
191 0.84 43.8 41.38
192 0.32 43.8 41.55
193 0.76 42.199999999999996 42.08
194 0.6799999999999999 41.8 41.61
195 0.76 42.4 41.79
196 0.44 42.4 41.660000000000004
197 0.44 43.2 41.9
198 0.48 43.6 42.230000000000004
199 0.6799999999999999 43.2 41.81
200 0.8 42.6 41.9
