-0.552481, 0.594076, 0.
-0.006406, 0.328047, 0.
0.406178, -0.491917, 0.
0.343517, -0.493118, 0.
0.360473, 0.528595, 0.
-0.963322, 0.075329, 0.
-0.041265, -0.582103, 0.
-0.760606, 0.099298, 0.
0.683429, -0.035520, 0.
0.138362, 0.647501, 0.
-0.274386, -0.344216, 0.
0.422434, 0.456417, 0.
0.057727, -0.618831, 0.
-0.334115, -0.886292, 0.
0.078187, -0.595401, 0.
-0.120779, -0.880843, 0.
0.419097, 0.375592, 0.
-0.856100, 0.184835, 0.
0.359033, -0.499137, 0.
-0.868079, -0.367472, 0.
-0.149823, 0.210108, 0.
0.037128, 0.830971, 0.
0.287192, -0.948910, 0.
-0.862665, 0.389993, 0.
-0.153352, 0.811751, 0.
-0.687385, -0.613404, 0.
-0.161791, 0.162792, 0.
-0.006237, 0.661761, 0.
-0.770735, 0.078878, 0.
-0.005020, 0.264981, 0.
0.395527, 0.474588, 0.
0.552386, 0.372299, 0.
-0.647678, 0.442924, 0.
0.318261, 0.653219, 0.
0.610787, 0.109947, 0.
0.105033, -0.971562, 0.
-0.994615, -0.086166, 0.
-0.641427, 0.387411, 0.
-0.195593, 0.754100, 0.
0.126399, -0.426950, 0.
-0.196534, -0.533428, 0.
-0.159876, -0.878272, 0.
-0.709037, 0.420499, 0.
-0.691009, 0.395996, 0.
-0.158267, -0.414801, 0.
-0.005321, 0.703733, 0.
-0.058008, -0.878922, 0.
-0.294785, -0.453220, 0.
0.983555, -0.174994, 0.
-0.002309, 0.215230, 0.
0.541907, 0.288654, 0.
-0.315349, -0.915334, 0.
0.083845, 0.801914, 0.
0.723655, -0.645480, 0.
-0.406837, -0.116549, 0.
0.430230, -0.372601, 0.
-0.436976, -0.765957, 0.
-0.267311, -0.224881, 0.
0.842370, -0.499974, 0.
-0.145454, -0.894782, 0.
-0.651959, 0.447708, 0.
-0.011331, -0.008116, 0.
0.619283, -0.130532, 0.
-0.035377, -0.496708, 0.
-0.394696, 0.017677, 0.
0.707626, 0.088037, 0.
-0.215315, -0.416353, 0.
-0.311134, -0.409354, 0.
0.086939, 0.677535, 0.
-0.903566, 0.201813, 0.
-0.297507, -0.056745, 0.
-0.336275, 0.237251, 0.
0.506651, -0.396007, 0.
0.288197, -0.528725, 0.
0.403781, 0.712590, 0.
-0.409137, 0.111407, 0.
0.396067, -0.544149, 0.
0.405899, -0.482565, 0.
-0.554413, -0.617027, 0.
-0.061298, -0.392531, 0.
0.063320, 0.658661, 0.
-0.260586, 0.174505, 0.
0.137240, -0.455556, 0.
-0.361304, 0.613459, 0.
0.053007, 0.302401, 0.
-0.338481, -0.883673, 0.
-0.038939, 0.177039, 0.
-0.780855, -0.036020, 0.
-0.468435, -0.837850, 0.
0.211824, -0.910956, 0.
-0.733350, -0.650936, 0.
0.624615, -0.229271, 0.
-0.815805, -0.531978, 0.
-0.369829, 0.682582, 0.
-0.289524, 0.188356, 0.
0.239327, -0.571801, 0.
0.150076, -0.914016, 0.
0.600357, 0.319646, 0.
-0.207352, 0.784552, 0.
-0.054012, 0.305117, 0.
-0.256591, -0.449480, 0.
-0.488341, -0.827559, 0.
0.132770, -0.625347, 0.
-0.292108, -0.266874, 0.
-0.312432, 0.066516, 0.
-0.479599, 0.503861, 0.
0.765087, -0.597515, 0.
-0.871017, -0.212547, 0.
0.483497, -0.359358, 0.
0.000191, 0.745583, 0.
-0.133913, 0.814534, 0.
-0.589230, -0.620445, 0.
-0.285736, 0.808600, 0.
-0.461241, -0.802238, 0.
-0.550758, 0.498653, 0.
0.582393, 0.364472, 0.
0.832244, -0.524493, 0.
-0.041139, -0.917418, 0.
-0.415279, 0.776283, 0.
0.746553, 0.123480, 0.
-0.377866, -0.177700, 0.
-0.319772, 0.227622, 0.
-0.114643, 0.824974, 0.
-0.360250, 0.139808, 0.
-0.163960, -0.442057, 0.
-0.710254, -0.417406, 0.
0.086091, -0.576382, 0.
0.651239, 0.400770, 0.
-0.164314, -0.304024, 0.
-0.103664, -0.421970, 0.
0.244145, 0.627022, 0.
-0.790384, -0.458654, 0.
-0.349909, 0.062862, 0.
-0.609798, -0.773779, 0.
-0.077803, -0.360171, 0.
-0.408128, -0.304144, 0.
-0.637660, -0.660956, 0.
0.459879, -0.192348, 0.
-0.034813, -0.524654, 0.
-0.612667, 0.424701, 0.
0.533326, -0.126427, 0.
-0.255862, -0.874802, 0.
0.569428, -0.395079, 0.
-0.353907, -0.169898, 0.
-0.185878, 0.624967, 0.
-0.591543, -0.725999, 0.
0.545312, -0.810551, 0.
0.203837, -0.367550, 0.
-0.258371, 0.680543, 0.
-0.710186, -0.550792, 0.
0.669592, 0.158865, 0.
-0.355542, 0.073560, 0.
-0.926442, 0.271856, 0.
-0.692290, 0.396059, 0.
-0.825364, -0.205568, 0.
-0.271962, 0.124357, 0.
-0.622092, -0.619766, 0.
-0.004620, -0.952500, 0.
0.539099, 0.100914, 0.
-0.414369, 0.157675, 0.
0.585928, -0.349707, 0.
-0.056087, 0.760564, 0.
-0.447004, -0.797278, 0.
0.303636, -0.393149, 0.
-0.299326, 0.826605, 0.
0.340812, -0.533627, 0.
-0.312695, -0.438610, 0.
-0.265848, 0.186417, 0.
-0.032681, 0.287149, 0.
0.379244, -0.307226, 0.
0.214075, 0.788737, 0.
-0.480637, -0.067383, 0.
0.497378, -0.347386, 0.
-0.319517, -0.038841, 0.
0.522549, 0.274458, 0.
-0.457212, -0.732125, 0.
-0.689436, -0.512724, 0.
-0.723987, 0.438544, 0.
-0.908842, -0.129813, 0.
0.151511, -0.461726, 0.
-0.376070, -0.003995, 0.
0.736415, -0.031715, 0.
0.651812, 0.280266, 0.
-0.796640, 0.361086, 0.
-0.763068, -0.486076, 0.
-0.954718, 0.161656, 0.
0.482159, -0.097983, 0.
-0.355099, 0.218575, 0.
-0.734229, -0.297799, 0.
0.658816, 0.254689, 0.
0.106455, 0.014747, 0.
0.017193, 0.719638, 0.
-0.632639, -0.500648, 0.
-0.378345, 0.012262, 0.
0.180555, 0.574746, 0.
-0.081031, 0.230241, 0.
0.128288, 0.736265, 0.
0.070898, -0.070976, 0.
0.055110, -0.582569, 0.
-0.428346, -0.241276, 0.
0.250680, -0.547328, 0.
0.560412, -0.210236, 0.
-0.909510, 0.011372, 0.
0.051735, 0.852293, 0.
-0.730276, 0.474639, 0.
0.606073, -0.249200, 0.
0.040381, -0.583804, 0.
-0.152570, 0.229858, 0.
-0.027952, -0.491094, 0.
0.334726, -0.467540, 0.
0.482656, 0.239143, 0.
-0.660960, 0.460947, 0.
0.461492, 0.379422, 0.
-0.314726, -0.856432, 0.
-0.144709, -0.339570, 0.
-0.558349, -0.683217, 0.
-0.019285, -0.033997, 0.
0.043366, -0.125495, 0.
-0.896979, 0.294862, 0.
-0.191008, -0.492606, 0.
0.208177, -0.419717, 0.
-0.397911, 0.096217, 0.
-0.340707, -0.421873, 0.
-0.544899, 0.680964, 0.
-0.680725, 0.435816, 0.
-0.689679, 0.511170, 0.
-0.193968, -0.551523, 0.
-0.079264, -0.985791, 0.
-0.291154, 0.630849, 0.
-0.480954, -0.714982, 0.
-0.322816, 0.287144, 0.
0.497425, -0.235619, 0.
-0.604769, 0.681190, 0.
0.509492, -0.033492, 0.
-0.800616, 0.365481, 0.
0.396875, -0.277391, 0.
-0.868059, -0.341013, 0.
-0.768580, -0.434194, 0.
-0.950978, -0.197636, 0.
0.566746, -0.130553, 0.
-0.449363, -0.230624, 0.
0.704155, -0.097278, 0.
-0.171207, -0.317561, 0.
-0.989677, -0.122185, 0.
0.013525, -0.445888, 0.
-0.385759, -0.317761, 0.
0.010437, -0.409708, 0.
0.026074, -0.515252, 0.
-0.619088, 0.576528, 0.
-0.714093, -0.608765, 0.
0.525263, -0.121395, 0.
0.055585, 0.835784, 0.
-0.236491, -0.302908, 0.
-0.315822, 0.773946, 0.
0.477826, 0.419805, 0.
0.151969, 0.763733, 0.
0.534443, 0.336303, 0.
-0.515083, -0.643298, 0.
-0.807514, -0.052108, 0.
0.542441, -0.044005, 0.
-0.270060, -0.067633, 0.
0.528304, -0.037485, 0.
-0.332727, -0.046659, 0.
0.305474, -0.446143, 0.
0.404452, -0.866820, 0.
0.010495, -0.048182, 0.
-0.507680, 0.753406, 0.
-0.176572, -0.965239, 0.
-0.738619, 0.439341, 0.
-0.256974, 0.707330, 0.
-0.378092, -0.852523, 0.
-0.409177, 0.549131, 0.
-0.043836, -0.546026, 0.
-0.871835, -0.123378, 0.
0.144482, 0.837623, 0.
-0.693965, -0.383098, 0.
0.293224, 0.706812, 0.
-0.593413, 0.695079, 0.
0.028998, -0.529949, 0.
-0.921609, -0.140846, 0.
-0.749769, -0.377094, 0.
-0.772409, 0.394714, 0.
0.200013, -0.458180, 0.
-0.526623, 0.606600, 0.
-0.243787, 0.639308, 0.
-0.117773, -0.908094, 0.
-0.505036, -0.716898, 0.
-0.616884, -0.638136, 0.
-0.138732, -0.366652, 0.
0.671970, 0.276658, 0.
-0.788135, -0.128016, 0.
-0.066518, 0.234797, 0.
0.288100, -0.423087, 0.
0.670398, 0.229316, 0.
0.512417, 0.127235, 0.
-0.372566, -0.057059, 0.
-0.294211, 0.612205, 0.
0.057505, 0.703770, 0.
-0.710865, 0.579048, 0.
-0.533414, 0.577235, 0.
-0.697653, -0.681032, 0.
-0.415461, 0.616057, 0.
-0.935887, 0.211973, 0.
-0.441003, -0.230098, 0.
-0.175822, -0.409203, 0.
-0.705433, 0.514259, 0.
-0.193345, -0.539657, 0.
-0.479795, -0.044541, 0.
-0.286940, 0.079203, 0.
0.669999, 0.229112, 0.
-0.256629, -0.430026, 0.
-0.165114, -0.913385, 0.
0.675639, -0.240455, 0.
0.314221, 0.669396, 0.
-0.026662, -0.879124, 0.
-0.870262, -0.235633, 0.
0.361947, -0.546745, 0.
0.626739, -0.721505, 0.
0.357404, -0.481915, 0.
-0.043188, 0.198903, 0.
-0.571985, 0.448802, 0.
-0.408623, 0.171386, 0.
0.258000, 0.694415, 0.
-0.814193, -0.427778, 0.
-0.779386, 0.285460, 0.
-0.634562, 0.343537, 0.
0.037885, 0.866060, 0.
0.314862, 0.639856, 0.
0.028053, 0.251925, 0.
-0.062806, -0.893973, 0.
0.620044, 0.167037, 0.
-0.472463, -0.780859, 0.
-0.359191, 0.195685, 0.
0.196885, 0.680784, 0.
-0.438167, 0.724422, 0.
-0.769979, -0.423098, 0.
-0.352838, 0.601612, 0.
-0.268407, -0.054644, 0.
0.128963, -0.947288, 0.
0.661611, 0.262483, 0.
-0.013095, 0.820532, 0.
0.392959, -0.408714, 0.
-0.849550, 0.311069, 0.
0.706488, 0.112590, 0.
0.588862, 0.366358, 0.
-0.333549, -0.282175, 0.
-0.252849, -0.859795, 0.
-0.086712, 0.258243, 0.
0.168614, -0.049691, 0.
-0.902576, -0.124898, 0.
-0.758540, -0.270649, 0.
-0.595889, 0.660530, 0.
-0.290874, -0.459467, 0.
0.145198, -0.071276, 0.
0.626406, 0.029666, 0.
0.324595, -0.564494, 0.
0.332764, 0.613870, 0.
-0.282345, 0.736876, 0.
-0.722591, -0.580401, 0.
-0.688051, 0.424434, 0.
-0.545900, -0.699388, 0.
-0.170966, -0.344383, 0.
-0.697904, 0.269134, 0.
-0.257257, 0.634860, 0.
0.371736, -0.842595, 0.
-0.112821, 0.649144, 0.
-0.332882, 0.241136, 0.
-0.172693, 0.121217, 0.
0.541748, 0.201167, 0.
-0.787408, -0.002293, 0.
-0.156159, 0.319154, 0.
-0.602876, 0.672875, 0.
-0.572686, -0.723133, 0.
0.562982, 0.170058, 0.
-0.067393, 0.180397, 0.
-0.239681, 0.197726, 0.
0.629570, -0.129531, 0.
0.487227, 0.604342, 0.
0.084599, 0.792937, 0.
0.173286, 0.715055, 0.
0.076400, 0.776678, 0.
0.206733, 0.026424, 0.
0.420445, 0.645594, 0.
0.444737, -0.403285, 0.
-0.319834, -0.102566, 0.
0.613628, 0.258632, 0.
0.557613, -0.327532, 0.
-0.409450, 0.811098, 0.
0.331967, 0.522228, 0.
-0.138500, -0.987867, 0.
-0.583343, 0.495715, 0.
-0.917082, -0.284484, 0.
-0.746612, -0.209133, 0.
0.464517, -0.470374, 0.
-0.303862, -0.193817, 0.
0.188097, 0.115800, 0.
-0.852049, 0.323719, 0.
-0.450603, 0.025280, 0.
0.740796, -0.661879, 0.
-0.083177, -0.958419, 0.
0.695000, 0.032784, 0.
0.562410, 0.100062, 0.
-0.666574, 0.507093, 0.
-0.686724, 0.464124, 0.
-0.854636, 0.220338, 0.
-0.482194, -0.706685, 0.
-0.455943, 0.067204, 0.
0.318594, -0.390781, 0.
0.699519, 0.059390, 0.
-0.052660, -0.971619, 0.
-0.225667, -0.264467, 0.
-0.023735, 0.738391, 0.
-0.954233, 0.114480, 0.
-0.421396, 0.139985, 0.
0.579382, 0.096410, 0.
0.433300, -0.876561, 0.
-0.836386, -0.248106, 0.
0.891515, -0.414383, 0.
-0.584469, 0.482012, 0.
-0.723227, 0.192646, 0.
0.425493, -0.240901, 0.
-0.059568, 0.335944, 0.
-0.549576, -0.743932, 0.
-0.874562, -0.170647, 0.
-0.847814, 0.392531, 0.
0.068895, -0.048795, 0.
0.352963, 0.511511, 0.
-0.152545, 0.291493, 0.
0.547561, -0.375164, 0.
-0.253255, 0.838963, 0.
0.517763, -0.232836, 0.
0.505345, 0.547808, 0.
0.330476, -0.485551, 0.
0.111973, 0.171328, 0.
-0.542343, 0.490218, 0.
-0.935088, 0.204401, 0.
-0.097057, 0.346264, 0.
-0.238912, 0.733373, 0.
0.047267, -0.588233, 0.
-0.610647, 0.450711, 0.
-0.473295, -0.180716, 0.
-0.445846, 0.638678, 0.
0.128895, -0.944476, 0.
-0.783788, -0.541924, 0.
0.054615, 0.330971, 0.
-0.322764, 0.048859, 0.
-0.634154, 0.571308, 0.
0.538701, 0.424916, 0.
-0.124373, 0.342201, 0.
-0.206525, -0.342196, 0.
-0.196690, -0.929680, 0.
-0.224983, 0.255058, 0.
0.542179, 0.522355, 0.
-0.315161, -0.476942, 0.
-0.739694, 0.126430, 0.
-0.367168, 0.053781, 0.
-0.095024, -0.412456, 0.
-0.557722, -0.599344, 0.
-0.538004, 0.750539, 0.
-0.402498, 0.734603, 0.
-0.105126, 0.674500, 0.
-0.888307, 0.155181, 0.
-0.199070, -0.255475, 0.
-0.791038, -0.414836, 0.
0.172708, 0.216209, 0.
-0.606982, 0.618176, 0.
0.039980, 0.791257, 0.
-0.958035, 0.119417, 0.
-0.029105, 0.178965, 0.
-0.497406, -0.028285, 0.
-0.108380, 0.296511, 0.
-0.108642, -0.514720, 0.
-0.440468, -0.300459, 0.
0.028959, 0.763923, 0.
-0.754994, -0.152752, 0.
-0.650371, 0.416433, 0.
-0.340197, -0.041060, 0.
-0.258711, -0.427380, 0.
-0.657883, -0.559823, 0.
-0.472600, -0.155289, 0.
0.411892, 0.419020, 0.
-0.896050, -0.187062, 0.
-0.337068, -0.105700, 0.
-0.341776, -0.831970, 0.
-0.460861, 0.007853, 0.
0.584462, -0.755343, 0.
0.203597, -0.524267, 0.
-0.084090, 0.344286, 0.
-0.609575, -0.672199, 0.
-0.236694, -0.468352, 0.
-0.904072, 0.165965, 0.
-0.146755, 0.668179, 0.
0.162272, 0.240067, 0.
0.517095, -0.207410, 0.
-0.699110, 0.534887, 0.
-0.989380, -0.067115, 0.
0.050201, -0.073470, 0.
-0.722830, 0.440626, 0.
0.254331, 0.040476, 0.
0.699593, 0.059687, 0.
-0.700247, 0.400900, 0.
0.520142, -0.795837, 0.
0.226710, 0.807413, 0.
-0.437959, 0.795146, 0.
-0.271969, 0.115975, 0.
-0.443399, -0.246479, 0.
-0.334763, 0.611558, 0.
0.556469, 0.272389, 0.
0.559902, -0.066567, 0.
0.206039, -0.883498, 0.
0.686954, 0.251717, 0.
-0.354623, 0.790734, 0.
0.503836, -0.289245, 0.
0.594106, -0.184359, 0.
-0.157125, 0.168117, 0.
-0.015017, -0.955192, 0.
-0.807305, 0.366965, 0.
-0.349549, -0.871155, 0.
-0.248245, -0.845713, 0.
0.384969, 0.615271, 0.
-0.092896, 0.860053, 0.
-0.760192, 0.033453, 0.
-0.820558, -0.154990, 0.
-0.569420, 0.651629, 0.
-0.201356, -0.450129, 0.
-0.909977, 0.049509, 0.
0.230680, 0.584843, 0.
-0.733180, 0.557606, 0.
0.266183, -0.493373, 0.
0.097255, -0.586501, 0.
-0.139671, 0.238078, 0.
-0.773018, -0.043583, 0.
0.362633, -0.298131, 0.
0.609479, -0.143286, 0.
0.320831, 0.734564, 0.
-0.851937, 0.349242, 0.
-0.412680, 0.669121, 0.
-0.345147, -0.087514, 0.
0.884379, -0.456365, 0.
0.600281, 0.247011, 0.
0.086058, -0.481954, 0.
0.523426, 0.050564, 0.
0.468649, 0.351611, 0.
-0.639996, 0.487007, 0.
-0.380199, 0.045508, 0.
-0.111660, 0.274655, 0.
0.609765, 0.265621, 0.
0.731121, 0.210047, 0.
-0.487367, -0.023375, 0.
0.134404, -0.439115, 0.
-0.791726, 0.080098, 0.
0.530009, 0.107961, 0.
-0.405033, -0.349420, 0.
-0.270603, 0.306477, 0.
0.549209, 0.084732, 0.
0.474881, -0.164505, 0.
-0.819217, -0.550270, 0.
-0.371872, 0.701599, 0.
0.553688, -0.016331, 0.
0.474617, -0.856680, 0.
-0.821050, -0.050502, 0.
0.399228, -0.527861, 0.
-0.826262, 0.024295, 0.
-0.814509, -0.016702, 0.
-0.612175, 0.481091, 0.
-0.107109, 0.745413, 0.
-0.645115, 0.545142, 0.
-0.221000, -0.332724, 0.
0.139415, -0.927317, 0.
-0.794417, 0.313154, 0.
0.096978, -0.608926, 0.
-0.375286, -0.315723, 0.
0.702111, -0.686189, 0.
-0.187820, -0.943004, 0.
-0.156274, 0.354106, 0.
0.748599, 0.049309, 0.
-0.332740, -0.154423, 0.
0.365626, 0.645017, 0.
-0.780140, 0.224579, 0.
0.270348, 0.615584, 0.
-0.335107, 0.008049, 0.
-0.078865, 0.688426, 0.
0.002645, 0.753972, 0.
0.592850, 0.238221, 0.
0.351527, -0.897000, 0.
-0.435051, 0.692316, 0.
0.121947, 0.229841, 0.
-0.299635, -0.013528, 0.
0.335117, -0.327875, 0.
0.582985, 0.519547, 0.
-0.218303, -0.495879, 0.
0.207974, 0.784342, 0.
-0.741907, 0.059263, 0.
0.130413, 0.745463, 0.
-0.104698, 0.307921, 0.
-0.742713, 0.461833, 0.
0.154149, -0.047098, 0.
-0.661940, -0.727107, 0.
-0.942766, 0.237883, 0.
-0.394703, -0.790153, 0.
-0.105036, 0.735711, 0.
0.043632, -0.934383, 0.
0.518221, 0.300918, 0.
0.527450, 0.349175, 0.
-0.876846, -0.318401, 0.
-0.463887, -0.758550, 0.
0.562425, 0.062753, 0.
-0.098222, -0.544891, 0.
-0.067052, -0.956584, 0.
-0.893632, -0.111741, 0.
-0.046124, 0.351904, 0.
-0.298921, -0.425928, 0.
0.162925, 0.003155, 0.
-0.250698, 0.699038, 0.
-0.238209, -0.853616, 0.
-0.233164, -0.356944, 0.
-0.460643, 0.697614, 0.
-0.137618, 0.205224, 0.
-0.199950, 0.104767, 0.
-0.745233, -0.296593, 0.
-0.953305, -0.065524, 0.
0.080860, 0.107622, 0.
0.451542, 0.620218, 0.
0.600368, -0.033942, 0.
0.314100, 0.647063, 0.
-0.398388, 0.567744, 0.
-0.778984, 0.427054, 0.
-0.819180, 0.151214, 0.
0.102748, 0.795859, 0.
0.160429, 0.725151, 0.
-0.685377, 0.452465, 0.
-0.518883, 0.590810, 0.
-0.262493, -0.918516, 0.
0.474886, 0.648282, 0.
0.169121, -0.422366, 0.
-0.274785, -0.395431, 0.
-0.064710, -0.879531, 0.
-0.691779, -0.625914, 0.
-0.355877, -0.813501, 0.
0.661745, 0.411925, 0.
0.726018, -0.629500, 0.
-0.151612, -0.937050, 0.
-0.816581, -0.446059, 0.
-0.842236, -0.227110, 0.
-0.046650, -0.427741, 0.
0.399106, 0.664963, 0.
0.053297, 0.675726, 0.
-0.234778, -0.956960, 0.
0.531467, -0.051358, 0.
-0.403019, 0.689232, 0.
-0.738509, 0.120638, 0.
0.163866, 0.066756, 0.
-0.299837, 0.020339, 0.
-0.019508, 0.787298, 0.
-0.803219, 0.059914, 0.
0.822214, -0.511783, 0.
0.309557, 0.619534, 0.
0.456706, -0.255047, 0.
-0.908064, 0.134067, 0.
0.561587, -0.010155, 0.
-0.909798, 0.115576, 0.
0.136333, 0.679018, 0.
0.722861, -0.041453, 0.
-0.832765, 0.032419, 0.
-0.499789, 0.627422, 0.
-0.086411, 0.820418, 0.
0.201502, 0.706653, 0.
-0.303502, -0.059092, 0.
-0.380074, 0.601526, 0.
0.190404, 0.741143, 0.
0.610117, 0.361120, 0.
-0.579575, -0.665840, 0.
-0.886317, 0.259122, 0.
0.182915, 0.027272, 0.
0.079539, -0.615582, 0.
-0.721758, 0.261644, 0.
0.424094, 0.468646, 0.
0.144539, 0.818308, 0.
-0.847532, 0.110387, 0.
-0.112001, -0.972651, 0.
0.560630, 0.264134, 0.
0.379187, -0.344286, 0.
0.008928, 0.752897, 0.
-0.945322, -0.249545, 0.
0.442274, -0.169661, 0.
-0.652899, -0.735941, 0.
-0.423182, 0.175458, 0.
-0.357437, -0.286694, 0.
0.002262, 0.186332, 0.
0.116471, 0.617880, 0.
0.405900, -0.504342, 0.
-0.726406, 0.281779, 0.
-0.282289, -0.329892, 0.
-0.957617, -0.099620, 0.
-0.205400, -0.380799, 0.
0.332507, 0.701540, 0.
-0.112128, 0.873360, 0.
0.491240, 0.298039, 0.
-0.499999, 0.764834, 0.
-0.420182, 0.754140, 0.
-0.270353, 0.195248, 0.
0.607342, 0.365804, 0.
-0.185526, -0.839379, 0.
-0.871892, -0.191434, 0.
-0.161621, -0.848697, 0.
0.143336, 0.726250, 0.
-0.975337, 0.035475, 0.
0.167435, 0.718767, 0.
0.038128, -0.477138, 0.
-0.503201, -0.031298, 0.
0.073364, -0.000347, 0.
-0.241167, 0.261232, 0.
-0.650771, 0.305215, 0.
-0.573986, -0.714737, 0.
-0.240648, -0.930191, 0.
0.589653, 0.222061, 0.
-0.168371, 0.289555, 0.
0.224811, -0.360012, 0.
-0.213512, 0.690586, 0.
-0.821491, -0.545050, 0.
0.451632, -0.395477, 0.
-0.259787, 0.252717, 0.
-0.936013, -0.236548, 0.
-0.056805, 0.704483, 0.
0.097684, -0.496318, 0.
-0.218311, 0.203405, 0.
-0.349901, -0.039802, 0.
0.378743, -0.543268, 0.
-0.889628, -0.281832, 0.
0.268776, 0.694688, 0.
-0.798981, 0.109720, 0.
-0.400316, -0.237207, 0.
0.219525, 0.204948, 0.
0.475834, 0.329897, 0.
-0.616535, -0.654232, 0.
-0.049294, -0.523281, 0.
-0.947003, -0.037258, 0.
-0.630153, -0.745984, 0.
-0.927538, -0.233342, 0.
-0.312741, -0.272886, 0.
0.465299, 0.286943, 0.
-0.960671, 0.065656, 0.
0.504470, -0.860013, 0.
-0.132898, 0.726982, 0.
0.664573, -0.255957, 0.
0.528565, 0.284193, 0.
0.143768, -0.028806, 0.
-0.443278, -0.848552, 0.
-0.747079, 0.158537, 0.
0.515546, 0.529934, 0.
-0.889128, 0.216323, 0.
0.494010, -0.866461, 0.
0.525991, 0.140332, 0.
-0.098359, -0.519947, 0.
-0.825855, 0.458363, 0.
0.519555, -0.077065, 0.
0.504070, 0.597017, 0.
0.083084, 0.625389, 0.
-0.814998, -0.390925, 0.
-0.234279, -0.309390, 0.
0.357299, -0.538322, 0.
-0.737602, -0.644762, 0.
0.282313, 0.606982, 0.
0.008233, -0.455956, 0.
-0.657060, -0.634858, 0.
-0.727373, -0.394662, 0.
-0.279621, -0.091383, 0.
-0.000885, 0.127080, 0.
-0.372309, 0.018282, 0.
0.718784, -0.044160, 0.
-0.405715, 0.163242, 0.
-0.240206, 0.157108, 0.
0.507387, 0.113282, 0.
-0.393748, 0.079713, 0.
0.472007, 0.522039, 0.
-0.711794, -0.505446, 0.
-0.073850, 0.648278, 0.
-0.746748, 0.520435, 0.
-0.446653, -0.723015, 0.
0.698903, 0.298849, 0.
0.263558, 0.533471, 0.
-0.523496, -0.810292, 0.
0.742802, -0.612315, 0.
0.146279, 0.720268, 0.
-0.451028, 0.791768, 0.
0.321666, 0.763033, 0.
-0.022820, -0.496586, 0.
-0.503317, -0.764409, 0.
-0.677825, 0.647623, 0.
0.689129, 0.062975, 0.
-0.363486, 0.237200, 0.
-0.800935, -0.586216, 0.
-0.214739, -0.258005, 0.
0.718363, -0.690825, 0.
-0.469810, 0.004892, 0.
0.096647, 0.851856, 0.
-0.232075, -0.926172, 0.
-0.218031, 0.818480, 0.
0.483782, -0.301335, 0.
0.067954, 0.172143, 0.
0.481318, 0.336470, 0.
0.188326, -0.440866, 0.
-0.422379, 0.174390, 0.
-0.521401, 0.645574, 0.
-0.378650, -0.776901, 0.
0.353272, -0.397920, 0.
-0.529447, 0.748821, 0.
-0.718216, 0.227854, 0.
0.655131, -0.140596, 0.
0.159968, -0.017556, 0.
-0.959946, 0.202907, 0.
-0.048273, -0.537486, 0.
0.515380, -0.317200, 0.
-0.319411, -0.792896, 0.
0.041133, 0.120935, 0.
0.447921, 0.322917, 0.
-0.817679, -0.248968, 0.
0.499808, -0.344607, 0.
-0.304647, -0.215864, 0.
0.058880, -0.455012, 0.
-0.273664, 0.098934, 0.
0.609541, -0.300378, 0.
0.455615, 0.563737, 0.
0.055277, -0.405881, 0.
0.139107, -0.109085, 0.
-0.838468, -0.177368, 0.
-0.337565, -0.835687, 0.
0.143174, 0.185039, 0.
0.422590, -0.401211, 0.
-0.251224, 0.801802, 0.
0.502326, 0.635430, 0.
-0.470198, 0.508915, 0.
-0.103384, 0.370199, 0.
-0.807168, -0.142095, 0.
0.022218, -0.904015, 0.
-0.305225, -0.210918, 0.
0.706015, 0.128917, 0.
-0.214755, -0.541697, 0.
0.391182, 0.536011, 0.
0.220666, -0.418373, 0.
0.331853, 0.645178, 0.
-0.225905, -0.856717, 0.
0.916204, -0.394473, 0.
-0.039944, 0.230829, 0.
0.563863, 0.048236, 0.
0.708951, -0.044955, 0.
-0.532844, 0.739017, 0.
-0.126230, -0.372224, 0.
0.243492, 0.047049, 0.
-0.466597, -0.694754, 0.
-0.564021, -0.761541, 0.
0.286695, 0.713060, 0.
-0.045113, 0.870942, 0.
0.559335, -0.133287, 0.
0.072336, 0.154307, 0.
0.684976, -0.684172, 0.
-0.798643, -0.429901, 0.
-0.294072, 0.253226, 0.
-0.856713, -0.289963, 0.
-0.576903, -0.792044, 0.
-0.563370, 0.657712, 0.
-0.290297, -0.362014, 0.
-0.834124, 0.067331, 0.
0.504065, -0.128196, 0.
-0.679443, 0.647352, 0.
0.077334, -0.995061, 0.
0.781581, -0.621742, 0.
-0.474350, -0.811695, 0.
-0.301712, -0.073381, 0.
-0.791059, 0.190640, 0.
-0.324601, 0.054473, 0.
-0.399028, -0.820536, 0.
-0.504846, -0.095850, 0.
-0.265324, 0.637309, 0.
-0.172051, 0.652013, 0.
-0.247537, 0.664013, 0.
-0.593614, 0.427862, 0.
-0.281513, 0.007358, 0.
0.607326, -0.355235, 0.
-0.299223, 0.620699, 0.
0.329790, -0.303765, 0.
0.568980, 0.210469, 0.
0.132471, -0.088389, 0.
0.679800, 0.285355, 0.
-0.048703, -0.963571, 0.
0.638790, -0.151661, 0.
0.257405, 0.067545, 0.
0.164786, 0.696868, 0.
0.230977, 0.118543, 0.
-0.190360, -0.396760, 0.
-0.421393, -0.792946, 0.
-0.547288, -0.800963, 0.
-0.143062, -0.551186, 0.
-0.200704, -0.912086, 0.
-0.574061, 0.467605, 0.
-0.733126, -0.357955, 0.
0.601636, 0.333440, 0.
0.532477, -0.323682, 0.
-0.813140, 0.016868, 0.
-0.515088, -0.662538, 0.
-0.873146, -0.263415, 0.
-0.594402, 0.497645, 0.
-0.779639, 0.283973, 0.
-0.042157, -0.953780, 0.
0.663327, 0.042437, 0.
0.096785, -0.895221, 0.
0.121648, 0.027934, 0.
0.357868, 0.747961, 0.
-0.268247, -0.503811, 0.
0.021889, 0.803459, 0.
0.599392, 0.353281, 0.
0.295244, 0.739083, 0.
-0.716522, -0.648830, 0.
-0.707667, -0.704092, 0.
-0.889049, -0.387934, 0.
-0.648851, 0.514416, 0.
-0.987770, -0.119537, 0.
-0.568335, -0.722088, 0.
0.465623, 0.410355, 0.
0.100506, 0.706022, 0.
0.205536, -0.439468, 0.
-0.382419, -0.875815, 0.
0.638602, 0.479820, 0.
-0.117461, -0.964165, 0.
0.206335, -0.911925, 0.
-0.403633, -0.019003, 0.
-0.319738, -0.453190, 0.
-0.391795, 0.604093, 0.
0.162482, -0.924206, 0.
-0.427176, -0.198916, 0.
-0.790216, -0.605913, 0.
0.185806, 0.597977, 0.
-0.905447, 0.174760, 0.
0.630640, 0.081065, 0.
-0.685361, 0.257982, 0.
-0.223040, 0.074324, 0.
0.716010, -0.098142, 0.
0.385266, 0.616329, 0.
-0.188163, 0.150482, 0.
0.043184, 0.101433, 0.
-0.704471, -0.612122, 0.
-0.053556, 0.269390, 0.
-0.442309, 0.758281, 0.
-0.342037, 0.124824, 0.
-0.223509, -0.310507, 0.
0.023929, -0.609075, 0.
0.153155, -0.590647, 0.
-0.580247, -0.803661, 0.
0.510786, 0.350439, 0.
-0.733185, 0.456495, 0.
0.519933, -0.200481, 0.
-0.150916, 0.815462, 0.
0.187397, 0.795528, 0.
0.084852, 0.745087, 0.
0.553810, 0.504724, 0.
0.685820, 0.000807, 0.
-0.071250, -0.416047, 0.
0.382182, -0.484081, 0.
-0.377059, -0.107032, 0.
0.012037, 0.235628, 0.
-0.067308, 0.861121, 0.
0.051090, -0.879911, 0.
0.014385, 0.326486, 0.
0.648376, 0.183886, 0.
0.610487, 0.512739, 0.
0.529237, -0.815273, 0.
0.385969, -0.456378, 0.
0.511214, -0.405204, 0.
0.395820, -0.859863, 0.
0.039432, 0.279959, 0.
0.688079, 0.032408, 0.
-0.583132, 0.596326, 0.
-0.808877, -0.420047, 0.
-0.828700, 0.222548, 0.
-0.265100, -0.379246, 0.
0.024075, 0.001857, 0.
-0.773037, 0.248441, 0.
-0.852817, -0.508794, 0.
0.170084, -0.435949, 0.
-0.912468, 0.263281, 0.
-0.507868, -0.721345, 0.
-0.777698, -0.441680, 0.
0.242657, -0.581354, 0.
0.346984, 0.469620, 0.
0.667087, -0.052844, 0.
-0.432335, 0.531845, 0.
0.001030, -0.411972, 0.
0.076662, -0.444333, 0.
-0.472818, -0.259169, 0.
0.613528, 0.242601, 0.
-0.363857, 0.809002, 0.
0.590840, 0.079792, 0.
-0.406329, -0.765267, 0.
-0.593261, 0.477451, 0.
0.584636, -0.066079, 0.
-0.781718, -0.048206, 0.
-0.305007, 0.816128, 0.
-0.770624, 0.372885, 0.
0.202621, -0.604686, 0.
0.453361, -0.183851, 0.
-0.374848, 0.228755, 0.
0.169296, 0.218822, 0.
0.463488, 0.582577, 0.
0.062220, 0.332628, 0.
-0.715578, 0.414964, 0.
-0.723670, -0.369012, 0.
-0.866414, -0.028677, 0.
-0.552884, -0.637038, 0.
-0.655792, 0.649737, 0.
-0.241724, 0.797568, 0.
0.624945, 0.056369, 0.
-0.192330, 0.735422, 0.
0.015924, -0.996012, 0.
0.608829, -0.212617, 0.
-0.143518, 0.865486, 0.
0.543052, 0.200689, 0.
-0.302483, -0.114670, 0.
0.410896, -0.419355, 0.
-0.032418, -0.454927, 0.
-0.261062, -0.164556, 0.
-0.767075, 0.041197, 0.
-0.093317, -0.539218, 0.
-0.709904, -0.578094, 0.
-0.237891, 0.288354, 0.
-0.596984, 0.459627, 0.
-0.826316, 0.475163, 0.
-0.142829, 0.192985, 0.
-0.303973, -0.405426, 0.
0.277083, 0.663610, 0.
0.139647, 0.096603, 0.
-0.220466, -0.540724, 0.
-0.403930, 0.697264, 0.
0.548682, 0.502753, 0.
0.416198, -0.339991, 0.
0.354857, -0.887775, 0.
0.254583, -0.368060, 0.
0.775835, -0.605770, 0.
0.168486, -0.500836, 0.
-0.041560, 0.811533, 0.
0.566619, 0.103268, 0.
-0.697730, 0.284049, 0.
0.251936, -0.921896, 0.
0.678278, -0.019521, 0.
0.668065, -0.033512, 0.
-0.778705, 0.493305, 0.
-0.301357, 0.186837, 0.
-0.529114, 0.733645, 0.
-0.285876, 0.283713, 0.
-0.899743, 0.355193, 0.
-0.343104, -0.449486, 0.
-0.055413, 0.875029, 0.
0.665997, 0.078740, 0.
-0.920348, -0.313557, 0.
-0.164393, -0.404524, 0.
-0.251635, 0.708962, 0.
-0.112176, -0.585638, 0.
-0.212298, 0.103380, 0.
-0.437932, -0.132645, 0.
0.789823, -0.556581, 0.
0.038895, -0.531595, 0.
0.561293, -0.010437, 0.
0.567683, 0.047671, 0.
-0.848044, -0.354940, 0.
-0.506742, -0.805862, 0.
-0.332976, 0.813875, 0.
0.271241, -0.913784, 0.
0.347476, -0.399894, 0.
-0.039259, 0.696103, 0.
-0.925082, 0.089192, 0.
0.139221, -0.979762, 0.
-0.146618, 0.695235, 0.
-0.454940, -0.210093, 0.
-0.232495, -0.490815, 0.
-0.483746, -0.716806, 0.
-0.500666, -0.131969, 0.
-0.015875, 0.741843, 0.
-0.006256, -0.536283, 0.
0.956971, -0.264540, 0.
0.002832, -0.968111, 0.
-0.947873, 0.009684, 0.
0.590343, -0.094490, 0.
-0.295082, -0.864597, 0.
-0.355412, -0.788329, 0.
0.079702, -0.406605, 0.
0.602647, 0.053347, 0.
-0.258643, -0.201511, 0.
0.021617, 0.735101, 0.
-0.529439, -0.734961, 0.
0.482238, -0.222575, 0.
0.109093, -0.581646, 0.
0.666036, 0.281452, 0.
0.564850, 0.148273, 0.
-0.605044, -0.782623, 0.
0.023946, 0.112476, 0.
0.629017, -0.116139, 0.
0.324909, 0.625516, 0.
-0.503886, -0.044086, 0.
0.220178, -0.570682, 0.
-0.669363, -0.721829, 0.
0.426444, 0.709123, 0.
-0.194793, -0.429826, 0.
0.416034, 0.703150, 0.
-0.190059, 0.824780, 0.
-0.745901, -0.510750, 0.
-0.232580, -0.950844, 0.
-0.519778, -0.806136, 0.
0.140357, -0.512588, 0.
0.057586, 0.028035, 0.
0.214564, -0.940148, 0.
-0.048492, -0.975495, 0.
0.317872, -0.546465, 0.
-0.276534, -0.914707, 0.
-0.205482, -0.889298, 0.
-0.415677, 0.171478, 0.
0.254692, 0.636527, 0.
-0.233001, -0.391454, 0.
-0.044507, -0.484860, 0.
0.632574, 0.494016, 0.
0.181223, -0.605440, 0.
-0.404145, -0.051408, 0.
0.557138, -0.267000, 0.
0.182969, 0.577941, 0.
0.180278, 0.113787, 0.
0.516813, 0.624012, 0.
0.127428, -0.019314, 0.
0.315917, -0.315435, 0.
0.029735, 0.241599, 0.
0.184553, -0.491335, 0.
0.024043, 0.189895, 0.
0.046897, -0.131264, 0.
-0.691337, -0.637187, 0.
-0.138301, 0.815807, 0.
-0.083688, -0.525629, 0.
-0.394431, -0.099477, 0.
0.329699, -0.866187, 0.
-0.323046, -0.242769, 0.
0.227647, -0.581738, 0.
-0.362643, -0.159702, 0.
-0.583781, 0.499056, 0.
0.973427, -0.226545, 0.
0.278578, 0.689397, 0.
-0.718452, 0.483521, 0.
0.041593, -0.546315, 0.
-0.152444, 0.756882, 0.
0.168889, 0.263775, 0.
-0.843155, 0.112720, 0.
-0.076287, -0.474678, 0.
0.090337, -0.909953, 0.
0.287779, 0.686643, 0.
0.561528, -0.761827, 0.
-0.713970, 0.196669, 0.
-0.443496, 0.781416, 0.
0.497050, -0.286651, 0.
-0.105863, -0.579238, 0.
-0.613932, -0.782323, 0.
0.929065, -0.320036, 0.
-0.955760, -0.236826, 0.
-0.857251, 0.134577, 0.
-0.060441, -0.454027, 0.
-0.831434, 0.225589, 0.
0.007005, 0.239692, 0.
-0.247020, -0.953477, 0.
-0.273513, -0.060995, 0.
-0.528930, 0.616523, 0.
0.039535, 0.221475, 0.
0.526831, 0.208101, 0.
-0.783856, -0.056556, 0.
0.109243, -0.073626, 0.
0.231549, -0.363925, 0.
0.132683, -0.585285, 0.
0.439236, -0.512106, 0.
-0.403915, -0.199520, 0.
0.666614, 0.120676, 0.
0.249061, 0.047470, 0.
-0.005621, -0.891681, 0.
-0.824035, 0.447691, 0.
0.314643, 0.615201, 0.
0.103116, -0.468329, 0.
0.058935, -0.512138, 0.
0.100176, 0.840546, 0.
-0.259526, -0.838332, 0.
-0.137124, -0.944883, 0.
0.330132, -0.346446, 0.
-0.212107, 0.093674, 0.
-0.619129, -0.516670, 0.
-0.242162, 0.619672, 0.
-0.892465, 0.242940, 0.
-0.205753, 0.106026, 0.
0.267694, 0.658789, 0.
0.589837, 0.044564, 0.
-0.542750, 0.543933, 0.
0.035507, 0.293611, 0.
-0.397700, 0.646130, 0.
-0.110931, 0.242450, 0.
0.427677, 0.535132, 0.
0.691237, -0.641979, 0.
-0.818579, 0.004656, 0.
0.275621, -0.511849, 0.
-0.865720, 0.111676, 0.
-0.412245, 0.023350, 0.
-0.645874, -0.748710, 0.
0.032742, -0.022694, 0.
-0.290927, -0.851839, 0.
-0.266051, 0.002415, 0.
0.359521, -0.494244, 0.
-0.551051, 0.493801, 0.
0.617432, 0.036704, 0.
0.287994, 0.549893, 0.
0.698054, 0.345263, 0.
-0.607251, 0.499458, 0.
-0.839115, 0.126699, 0.
-0.498127, -0.149166, 0.
-0.424475, -0.042816, 0.
0.651689, -0.074848, 0.
0.687015, -0.008559, 0.
0.715022, -0.091640, 0.
-0.316157, -0.193038, 0.
-0.094407, 0.240685, 0.
0.412253, -0.442717, 0.
-0.834163, 0.099268, 0.
0.361809, 0.497349, 0.
0.504622, -0.282975, 0.
-0.625285, -0.757048, 0.
-0.285189, 0.129687, 0.
-0.879693, 0.053219, 0.
0.107528, 0.835329, 0.
-0.629422, 0.628171, 0.
0.019401, -0.881197, 0.
0.552452, -0.056725, 0.
0.750237, 0.112296, 0.
-0.738243, 0.218303, 0.
-0.284349, 0.055687, 0.
-0.779946, 0.418946, 0.
-0.891379, 0.327582, 0.
0.254275, -0.929800, 0.
-0.544639, 0.624853, 0.
0.487118, -0.831726, 0.
0.062654, -0.035902, 0.
-0.393085, 0.592520, 0.
0.213667, 0.556676, 0.
-0.209102, 0.759551, 0.
-0.189621, -0.510731, 0.
0.234313, -0.445965, 0.
-0.808693, 0.151386, 0.
0.516667, -0.327442, 0.
-0.317825, -0.871256, 0.
-0.350834, -0.386574, 0.
-0.870390, -0.052780, 0.
-0.400430, 0.667759, 0.
0.096911, -0.579806, 0.
0.571580, 0.534087, 0.
-0.724524, -0.300091, 0.
0.212512, 0.792143, 0.
-0.589330, 0.687897, 0.
-0.083604, -0.459721, 0.
-0.364883, -0.920237, 0.
0.654881, -0.017671, 0.
-0.204889, 0.226461, 0.
-0.483584, -0.118448, 0.
0.000229, 0.136707, 0.
-0.605671, 0.539506, 0.
-0.699217, -0.630681, 0.
-0.942784, -0.237032, 0.
-0.157270, 0.661713, 0.
0.168605, 0.581901, 0.
-0.191638, -0.911003, 0.
-0.832267, 0.389547, 0.
-0.522930, 0.608536, 0.
-0.680012, -0.416893, 0.
-0.215640, -0.907826, 0.
-0.634245, 0.592723, 0.
-0.818829, 0.211023, 0.
-0.175779, 0.195817, 0.
0.624933, 0.124341, 0.
0.534756, -0.312898, 0.
-0.062790, 0.291449, 0.
-0.436422, -0.219959, 0.
-0.434096, -0.270421, 0.
-0.639313, -0.537469, 0.
-0.306076, -0.863859, 0.
-0.752778, -0.619452, 0.
-0.264183, 0.227730, 0.
-0.217236, 0.317251, 0.
-0.071903, 0.719974, 0.
0.528450, -0.242528, 0.
0.138020, 0.196208, 0.
-0.604200, 0.464834, 0.
-0.473358, -0.246984, 0.
-0.527009, 0.600201, 0.
-0.961075, -0.002281, 0.
0.234228, 0.567375, 0.
0.381247, -0.307149, 0.
0.602828, 0.060318, 0.
-0.372307, 0.068328, 0.
-0.853677, -0.320370, 0.
-0.020147, 0.768456, 0.
-0.409163, -0.229344, 0.
-0.448298, -0.216956, 0.
-0.751632, 0.078723, 0.
-0.703667, 0.561505, 0.
-0.105234, -0.408630, 0.
0.436001, -0.813362, 0.
-0.881483, -0.088104, 0.
-0.356989, -0.441778, 0.
-0.646146, 0.537777, 0.
-0.250267, 0.679754, 0.
-0.759906, -0.358681, 0.
0.126244, 0.122194, 0.
0.606195, -0.155261, 0.
0.660969, 0.220603, 0.
0.571607, 0.443034, 0.
-0.338901, 0.645221, 0.
0.373501, 0.590037, 0.
-0.088958, -0.414486, 0.
0.319452, -0.460905, 0.
-0.083120, -0.881850, 0.
-0.311894, -0.871184, 0.
0.636157, -0.767052, 0.
-0.870365, -0.064045, 0.
-0.676097, -0.665343, 0.
-0.125733, 0.234945, 0.
-0.882184, -0.309079, 0.
0.550277, -0.113348, 0.
0.622421, 0.094751, 0.
-0.674916, -0.689473, 0.
-0.429760, -0.204584, 0.
0.028364, -0.916046, 0.
0.142351, -0.947629, 0.
0.145939, -0.076830, 0.
0.056005, -0.080020, 0.
0.332556, -0.368477, 0.
-0.898571, -0.436340, 0.
-0.567727, 0.726793, 0.
-0.493081, -0.661417, 0.
0.703707, -0.137785, 0.
0.512404, 0.314607, 0.
0.552412, 0.074227, 0.
0.705750, 0.249189, 0.
-0.504689, 0.604805, 0.
0.659810, 0.307676, 0.
0.028944, 0.158663, 0.
0.169251, 0.796732, 0.
-0.268461, -0.278337, 0.
0.236496, 0.047722, 0.
0.632249, 0.012884, 0.
-0.796379, -0.357213, 0.
-0.244614, -0.479092, 0.
0.242571, 0.726793, 0.
0.474232, -0.150798, 0.
-0.249840, 0.183648, 0.
0.519883, 0.367848, 0.
0.162515, 0.723505, 0.
0.557820, 0.357262, 0.
0.604143, 0.183921, 0.
0.584906, 0.251704, 0.
0.564910, 0.279713, 0.
-0.385715, -0.375504, 0.
-0.762737, -0.135999, 0.
-0.804292, -0.584509, 0.
-0.290211, -0.847648, 0.
0.526181, 0.110243, 0.
-0.209919, 0.717903, 0.
-0.317403, 0.159742, 0.
0.559308, -0.269481, 0.
-0.333109, 0.755016, 0.
0.672874, 0.091586, 0.
-0.331955, 0.104369, 0.
-0.500297, -0.048403, 0.
0.117183, 0.835116, 0.
0.553019, -0.794795, 0.
0.067005, 0.112327, 0.
-0.064276, 0.733896, 0.
-0.132657, -0.918266, 0.
-0.832377, 0.221473, 0.
0.116610, -0.436274, 0.
-0.006798, -0.019179, 0.
0.437717, 0.509124, 0.
-0.769246, 0.297336, 0.
0.623212, -0.724884, 0.
-0.075871, -0.383585, 0.
0.044870, 0.239443, 0.
-0.004400, 0.640956, 0.
-0.402917, -0.271290, 0.
-0.775814, -0.010403, 0.
-0.539762, 0.661903, 0.
-0.505674, -0.702225, 0.
0.556591, -0.414810, 0.
-0.364084, -0.304328, 0.
-0.767365, 0.464693, 0.
0.039714, 0.176251, 0.
-0.222830, -0.527872, 0.
-0.815994, 0.243446, 0.
-0.149464, 0.144687, 0.
0.315296, 0.692496, 0.
0.141885, 0.829417, 0.
-0.815292, 0.296140, 0.
0.322010, -0.513673, 0.
0.348342, 0.561471, 0.
-0.296335, -0.046887, 0.
0.778906, -0.574527, 0.
-0.920977, -0.134373, 0.
-0.743358, 0.220908, 0.
-0.304955, -0.114257, 0.
-0.453201, 0.767907, 0.
-0.146358, -0.950296, 0.
-0.982144, 0.038350, 0.
0.345844, 0.653648, 0.
-0.860025, -0.409652, 0.
-0.770675, -0.531458, 0.
-0.373349, 0.044487, 0.
-0.323392, -0.384912, 0.
0.500831, 0.602518, 0.
0.652223, 0.157417, 0.
-0.188935, -0.365172, 0.
0.665921, -0.048960, 0.
0.419582, -0.520837, 0.
0.376548, 0.521252, 0.
-0.882814, 0.132337, 0.
0.332233, -0.524368, 0.
-0.032852, -0.991159, 0.
0.090720, -0.977132, 0.
0.380494, -0.408450, 0.
-0.053977, 0.277609, 0.
0.677471, -0.661154, 0.
-0.724325, -0.511464, 0.
-0.321986, 0.215380, 0.
0.722917, 0.190975, 0.
-0.595709, -0.555515, 0.
0.307286, -0.357990, 0.
-0.366254, 0.582961, 0.
0.130546, 0.607420, 0.
0.524557, -0.429878, 0.
0.429279, -0.515715, 0.
-0.314050, 0.650567, 0.
-0.158458, -0.969117, 0.
0.464017, -0.491851, 0.
-0.027508, -0.385648, 0.
-0.420959, 0.542998, 0.
0.150418, 0.261077, 0.
-0.377524, 0.708988, 0.
-0.150178, -0.339735, 0.
-0.464209, 0.691364, 0.
-0.800487, 0.103453, 0.
-0.920660, -0.233677, 0.
-0.080118, -0.983622, 0.
-0.793405, -0.410967, 0.
-0.257807, -0.520090, 0.
-0.786816, 0.270008, 0.
0.012831, 0.819437, 0.
-0.775970, 0.544421, 0.
0.226429, -0.606681, 0.
-0.066726, 0.670330, 0.
0.944797, -0.327515, 0.
0.428649, -0.848608, 0.
-0.043037, 0.635971, 0.
0.303381, 0.676293, 0.
-0.108468, -0.986361, 0.
-0.040150, -0.370264, 0.
-0.734293, 0.322549, 0.
0.086960, 0.171686, 0.
-0.152021, 0.280232, 0.
-0.406723, -0.268076, 0.
-0.715976, -0.384349, 0.
0.113865, -0.102130, 0.
-0.913698, -0.332054, 0.
-0.803093, 0.387026, 0.
-0.290425, 0.671719, 0.
0.279079, -0.344662, 0.
0.214202, 0.563103, 0.
0.270989, -0.945898, 0.
-0.604660, -0.615147, 0.
-0.452055, -0.832945, 0.
-0.352750, -0.365753, 0.
0.091479, -0.058931, 0.
-0.270305, 0.153539, 0.
0.571876, 0.079866, 0.
0.464719, 0.643622, 0.
-0.030565, 0.854969, 0.
0.507103, -0.781699, 0.
0.298380, -0.376635, 0.
-0.210213, 0.278886, 0.
0.540113, 0.040075, 0.
-0.280960, -0.202275, 0.
-0.174227, -0.491672, 0.
0.458100, 0.426465, 0.
-0.685608, -0.594444, 0.
-0.837221, -0.457261, 0.
0.102417, 0.266762, 0.
-0.111598, 0.630191, 0.
-0.718213, 0.255761, 0.
-0.469922, -0.770187, 0.
-0.364631, 0.808260, 0.
0.167055, -0.450248, 0.
-0.930479, 0.155849, 0.
-0.520197, -0.767700, 0.
0.634740, -0.031674, 0.
-0.858639, 0.318665, 0.
-0.425574, -0.808327, 0.
0.606607, 0.422500, 0.
0.001742, 0.676127, 0.
-0.421651, 0.481545, 1.
0.063766, 0.407488, 1.
-0.142493, -0.193922, 1.
0.936495, -0.001132, 1.
0.776543, 0.343125, 1.
0.518483, 0.752647, 1.
0.254884, 0.502101, 1.
-0.131324, -0.138510, 1.
-0.462382, 0.502951, 1.
0.114235, -0.770652, 1.
0.311805, -0.607375, 1.
0.859339, 0.088348, 1.
0.735751, 0.663012, 1.
0.286377, 0.254234, 1.
-0.243665, -0.715665, 1.
0.183888, 0.506716, 1.
-0.613587, -0.036224, 1.
-0.164095, 0.036680, 1.
-0.530706, -0.373656, 1.
0.008422, 0.504720, 1.
-0.628343, -0.475773, 1.
0.924188, -0.017198, 1.
0.548703, -0.689399, 1.
0.427187, 0.866936, 1.
0.020103, -0.817744, 1.
-0.409507, -0.626435, 1.
-0.523037, 0.115054, 1.
0.149508, 0.422913, 1.
-0.186037, 0.550710, 1.
0.228739, 0.280316, 1.
-0.725719, 0.681626, 1.
-0.357660, 0.441460, 1.
0.311112, -0.069276, 1.
-0.120801, 0.054587, 1.
0.018489, 0.893755, 1.
-0.502774, 0.035172, 1.
0.334595, -0.646427, 1.
-0.554401, -0.489090, 1.
-0.124876, -0.280120, 1.
0.958900, -0.165124, 1.
0.167551, 0.571485, 1.
0.319740, 0.045725, 1.
0.685440, -0.279304, 1.
-0.385548, -0.516214, 1.
-0.512186, 0.111678, 1.
0.518958, 0.822409, 1.
0.312039, -0.707659, 1.
-0.369270, 0.504576, 1.
-0.660548, 0.185983, 1.
-0.089952, 0.480855, 1.
-0.963498, 0.221989, 1.
-0.498924, -0.349047, 1.
0.762631, 0.224733, 1.
0.138731, 0.337902, 1.
-0.640910, 0.181930, 1.
0.725271, -0.479795, 1.
0.242358, -0.788821, 1.
0.808690, 0.268221, 1.
-0.560305, -0.052579, 1.
-0.283119, 0.448600, 1.
0.499839, 0.075971, 1.
-0.078992, 0.990878, 1.
0.218956, 0.392588, 1.
0.641967, -0.573367, 1.
0.767162, -0.236918, 1.
-0.124435, -0.640408, 1.
-0.549473, -0.422203, 1.
0.183841, -0.773008, 1.
0.854583, -0.259166, 1.
-0.188844, -0.786008, 1.
0.766062, 0.374479, 1.
-0.382308, 0.920641, 1.
0.996011, 0.043946, 1.
0.176092, 0.421553, 1.
0.648544, -0.588701, 1.
-0.023821, 0.963289, 1.
0.099196, -0.769912, 1.
-0.603450, 0.095208, 1.
0.274035, -0.640627, 1.
-0.227276, -0.130406, 1.
0.229527, 0.305856, 1.
0.214807, 0.485435, 1.
-0.191017, -0.633060, 1.
-0.066399, -0.205086, 1.
0.386320, -0.653906, 1.
-0.644735, -0.376154, 1.
0.773937, -0.248184, 1.
0.111189, 0.412556, 1.
0.283730, 0.883913, 1.
-0.717850, -0.058959, 1.
-0.312579, 0.511677, 1.
-0.002888, 0.055880, 1.
0.537053, 0.774643, 1.
0.394312, -0.076627, 1.
-0.579699, -0.159415, 1.
0.242209, -0.296410, 1.
0.466980, 0.274923, 1.
0.177151, -0.808220, 1.
-0.230243, 0.446319, 1.
-0.080221, 0.506178, 1.
0.151564, -0.263218, 1.
0.879358, -0.350216, 1.
0.027569, -0.661289, 1.
-0.486688, 0.254897, 1.
0.152203, -0.170207, 1.
-0.340004, -0.696233, 1.
0.724563, -0.502405, 1.
-0.875947, 0.416168, 1.
-0.499182, -0.322760, 1.
0.972558, 0.014130, 1.
0.932136, 0.124762, 1.
0.843923, -0.407868, 1.
0.497812, 0.153092, 1.
-0.333226, 0.485050, 1.
-0.205762, -0.032832, 1.
0.293702, 0.088657, 1.
0.813600, 0.266260, 1.
0.357207, 0.835680, 1.
0.489678, 0.793123, 1.
0.278173, -0.693760, 1.
-0.052720, -0.820610, 1.
0.466547, 0.741518, 1.
0.143043, -0.308522, 1.
0.192540, -0.224916, 1.
0.815046, -0.311980, 1.
-0.707710, 0.638792, 1.
0.452385, 0.838188, 1.
0.795244, -0.269442, 1.
-0.090052, 0.610975, 1.
-0.503234, -0.191595, 1.
0.265697, -0.782078, 1.
-0.435519, 0.256773, 1.
0.270830, -0.143229, 1.
-0.104435, -0.276785, 1.
0.433333, -0.636280, 1.
0.279294, -0.083007, 1.
0.823306, 0.421108, 1.
-0.034536, -0.253311, 1.
0.633231, 0.529945, 1.
-0.613283, -0.100973, 1.
0.921064, 0.023169, 1.
0.444768, -0.628572, 1.
-0.218012, 0.411283, 1.
-0.535161, -0.037594, 1.
-0.363548, 0.430303, 1.
0.173744, 0.346965, 1.
0.224588, 0.326836, 1.
0.876085, 0.009218, 1.
0.313333, 0.199460, 1.
0.624007, 0.778172, 1.
0.208475, 0.870960, 1.
0.583516, 0.703886, 1.
0.786237, -0.094362, 1.
-0.120544, -0.156974, 1.
0.852244, 0.422034, 1.
0.736710, -0.591319, 1.
0.766442, -0.524357, 1.
-0.137385, -0.668538, 1.
0.784067, -0.423577, 1.
0.117058, -0.734640, 1.
0.272243, 0.072059, 1.
0.741611, -0.527551, 1.
0.188925, 0.478321, 1.
0.745173, 0.458535, 1.
0.551630, -0.485464, 1.
0.474168, 0.250354, 1.
0.623585, -0.408774, 1.
0.368276, -0.147790, 1.
-0.264354, -0.750594, 1.
0.707941, -0.222945, 1.
0.291591, -0.611717, 1.
-0.151375, 0.969089, 1.
-0.569347, 0.073042, 1.
-0.748912, 0.639597, 1.
-0.244690, 0.914372, 1.
-0.627008, -0.204457, 1.
0.572598, -0.689884, 1.
0.340503, -0.135811, 1.
0.726453, 0.399584, 1.
0.059445, 0.991976, 1.
0.821834, 0.310533, 1.
0.631573, -0.422857, 1.
-0.212969, -0.725551, 1.
0.154654, -0.640371, 1.
-0.415435, -0.504843, 1.
0.223818, 0.282963, 1.
0.009831, 0.096733, 1.
-0.502813, -0.168335, 1.
0.092767, -0.662088, 1.
-0.039705, 0.517354, 1.
0.159910, 0.372260, 1.
-0.580260, 0.059099, 1.
-0.804731, 0.585441, 1.
-0.596242, -0.037160, 1.
0.300752, -0.000063, 1.
0.173856, -0.866179, 1.
-0.005926, -0.865849, 1.
-0.733123, -0.244999, 1.
0.709781, -0.471887, 1.
-0.059422, 0.561915, 1.
-0.438148, 0.297547, 1.
-0.162588, 0.018798, 1.
-0.173010, 0.007960, 1.
0.554202, 0.767568, 1.
-0.991102, 0.131726, 1.
-0.312348, -0.592861, 1.
-0.589624, 0.288883, 1.
-0.642904, 0.247788, 1.
0.936318, 0.049195, 1.
-0.713234, -0.219486, 1.
0.787111, -0.381528, 1.
0.328033, -0.046945, 1.
0.360194, 0.184992, 1.
0.776033, 0.500730, 1.
0.108629, -0.212231, 1.
0.692586, 0.701831, 1.
0.227168, 0.867875, 1.
0.764629, 0.508412, 1.
0.158019, -0.234713, 1.
-0.267535, -0.733352, 1.
-0.593846, -0.087430, 1.
-0.297489, 0.490695, 1.
-0.878041, 0.417301, 1.
-0.440527, 0.279978, 1.
0.546627, 0.735644, 1.
-0.309430, 0.910878, 1.
0.620091, -0.651754, 1.
0.871828, -0.240602, 1.
-0.584580, 0.262541, 1.
0.629470, 0.688755, 1.
0.662289, -0.647212, 1.
-0.380412, -0.578094, 1.
-0.572948, 0.751904, 1.
0.145978, 0.425237, 1.
0.343503, 0.065483, 1.
0.418752, 0.770554, 1.
0.340179, -0.690217, 1.
0.627442, 0.687190, 1.
0.124375, 0.979580, 1.
0.586200, -0.615023, 1.
-0.665778, 0.674433, 1.
0.543494, 0.752974, 1.
0.444988, -0.639119, 1.
-0.682296, -0.359221, 1.
-0.049438, 0.022737, 1.
0.239299, 0.299082, 1.
0.278662, 0.311064, 1.
0.318856, -0.255992, 1.
-0.041905, 0.885094, 1.
-0.636896, 0.177630, 1.
-0.036541, 0.906598, 1.
-0.314489, -0.748737, 1.
-0.711515, -0.170992, 1.
0.645944, -0.361241, 1.
0.843292, -0.035199, 1.
0.382767, -0.198612, 1.
-0.150105, -0.773824, 1.
0.403805, 0.053873, 1.
0.119597, -0.665591, 1.
0.582718, -0.488455, 1.
0.220027, 0.948656, 1.
-0.014208, -0.234531, 1.
-0.613371, -0.170916, 1.
0.630472, -0.419835, 1.
0.793164, 0.399377, 1.
-0.225242, -0.087239, 1.
-0.251377, 0.349686, 1.
0.805413, 0.259957, 1.
0.263205, -0.254782, 1.
-0.491250, -0.548633, 1.
0.860107, -0.175304, 1.
0.782076, -0.365135, 1.
0.737457, 0.515862, 1.
-0.167633, 0.620566, 1.
0.183364, -0.856272, 1.
-0.373040, 0.911119, 1.
0.975093, -0.141939, 1.
0.147557, 0.862918, 1.
-0.221463, -0.624079, 1.
0.226238, -0.834482, 1.
0.735511, 0.356695, 1.
0.793848, 0.218244, 1.
0.959486, -0.108916, 1.
0.267006, 0.359485, 1.
-0.096459, -0.719294, 1.
-0.114074, -0.670304, 1.
0.809110, -0.384781, 1.
0.241813, 0.282586, 1.
-0.431949, -0.372389, 1.
0.828910, 0.138247, 1.
-0.388906, -0.699696, 1.
-0.500543, 0.784331, 1.
-0.225131, 0.392911, 1.
0.172291, -0.363929, 1.
0.176580, -0.274590, 1.
0.767787, -0.388611, 1.
0.715896, 0.473437, 1.
0.196714, -0.716053, 1.
-0.156881, 0.929958, 1.
0.795677, 0.243425, 1.
-0.722696, -0.027743, 1.
0.583489, 0.630960, 1.
0.953268, 0.259108, 1.
0.568391, -0.725417, 1.
-0.541128, -0.127283, 1.
-0.047194, 0.054752, 1.
-0.048089, 0.023940, 1.
-0.732635, -0.026711, 1.
-0.396966, 0.822588, 1.
0.334721, -0.813478, 1.
0.453548, -0.747460, 1.
-0.530103, -0.433602, 1.
0.727346, 0.666593, 1.
-0.182956, -0.576669, 1.
-0.585818, 0.084409, 1.
0.320610, -0.585001, 1.
0.435873, -0.672087, 1.
0.903888, 0.050349, 1.
0.616064, 0.620325, 1.
-0.707082, -0.265892, 1.
-0.599299, 0.066511, 1.
-0.556406, -0.185118, 1.
-0.051090, 0.471529, 1.
-0.573018, -0.479313, 1.
0.207119, -0.099135, 1.
0.279546, -0.185892, 1.
-0.404477, 0.277965, 1.
0.876952, 0.233581, 1.
-0.614812, -0.206731, 1.
0.549919, 0.664734, 1.
-0.559396, 0.789269, 1.
-0.689336, -0.246317, 1.
0.031196, -0.793574, 1.
0.113523, 0.386082, 1.
0.577640, 0.661101, 1.
-0.001991, -0.749635, 1.
0.044966, -0.808245, 1.
-0.307888, 0.485570, 1.
0.270419, 0.461001, 1.
-0.705918, 0.133464, 1.
0.206830, 0.325278, 1.
0.339890, -0.679647, 1.
-0.007278, 0.410237, 1.
-0.068355, 0.990731, 1.
-0.235460, -0.151071, 1.
-0.516205, -0.515616, 1.
-0.532218, -0.541855, 1.
-0.081299, 0.399427, 1.
-0.551124, -0.420697, 1.
-0.067983, -0.161781, 1.
0.687148, 0.475120, 1.
0.425786, 0.186070, 1.
0.856003, -0.367486, 1.
0.779572, 0.059678, 1.
0.129804, 0.978369, 1.
0.164439, -0.635422, 1.
-0.567806, -0.553345, 1.
0.347305, 0.096986, 1.
-0.535792, 0.126877, 1.
0.355326, 0.795645, 1.
0.131973, -0.784863, 1.
0.869821, -0.365801, 1.
-0.387433, 0.320121, 1.
0.555214, 0.777007, 1.
-0.907392, 0.396394, 1.
-0.082314, 0.439912, 1.
-0.506620, 0.381894, 1.
-0.433210, -0.349956, 1.
0.836105, 0.160215, 1.
-0.363651, 0.899000, 1.
0.821115, -0.296999, 1.
-0.247747, 0.958368, 1.
0.515333, -0.631714, 1.
0.965440, -0.038136, 1.
0.020962, 0.999197, 1.
-0.409973, -0.563481, 1.
0.546958, -0.610283, 1.
0.292708, 0.350812, 1.
0.170451, -0.703792, 1.
-0.241957, 0.599169, 1.
-0.534888, 0.070719, 1.
-0.595643, -0.307499, 1.
-0.540267, -0.404937, 1.
-0.601823, 0.134172, 1.
-0.163419, 0.460693, 1.
0.645318, -0.588287, 1.
0.642521, 0.559574, 1.
0.818944, 0.218305, 1.
0.656210, -0.613221, 1.
-0.430832, 0.431341, 1.
-0.662786, -0.432120, 1.
0.832029, 0.041214, 1.
0.633282, -0.328009, 1.
-0.161826, -0.097351, 1.
0.623876, 0.604711, 1.
0.479636, -0.558650, 1.
0.115658, -0.328864, 1.
0.547656, -0.581381, 1.
0.141760, 0.884870, 1.
0.645780, 0.689134, 1.
0.898381, -0.270516, 1.
0.632133, 0.718583, 1.
-0.658735, 0.111769, 1.
0.762350, 0.094496, 1.
0.810095, 0.017775, 1.
0.754330, 0.575286, 1.
0.273220, -0.073835, 1.
0.348309, 0.214250, 1.
0.377821, -0.802666, 1.
0.762932, -0.427302, 1.
-0.303053, 0.330821, 1.
-0.455510, -0.496246, 1.
-0.591445, -0.411553, 1.
0.138137, 0.476978, 1.
0.544792, -0.705227, 1.
-0.507893, 0.786395, 1.
0.117216, -0.811029, 1.
0.069266, -0.361585, 1.
0.869445, 0.251126, 1.
0.090639, -0.157061, 1.
0.663451, 0.518599, 1.
0.055218, -0.203329, 1.
-0.344102, 0.857188, 1.
0.940646, 0.315143, 1.
-0.079049, -0.850489, 1.
0.340448, 0.106113, 1.
0.206188, 0.255115, 1.
-0.213412, 0.451919, 1.
0.823526, -0.118345, 1.
0.312284, -0.121256, 1.
-0.103773, 0.423473, 1.
0.642754, 0.552126, 1.
-0.132732, -0.611972, 1.
0.268866, 0.807908, 1.
0.756559, 0.286877, 1.
-0.188654, 0.068843, 1.
0.011729, 0.061849, 1.
0.933452, 0.182036, 1.
0.642437, -0.464828, 1.
-0.033242, 0.602908, 1.
0.551447, -0.580718, 1.
-0.608817, 0.717069, 1.
-0.091047, 0.402911, 1.
-0.221082, -0.177903, 1.
-0.125864, 0.597734, 1.
0.774959, -0.192412, 1.
-0.220230, 0.417396, 1.
0.342759, -0.097543, 1.
-0.671300, 0.685840, 1.
0.220911, 0.295457, 1.
-0.026298, -0.145471, 1.
0.727027, -0.252128, 1.
-0.676368, -0.398837, 1.
0.408751, 0.125376, 1.
-0.562650, 0.248744, 1.
0.325548, -0.049067, 1.
0.285067, -0.661753, 1.
0.324868, 0.012093, 1.
-0.442899, 0.263079, 1.
0.773517, -0.415065, 1.
0.107767, -0.789133, 1.
0.936964, 0.104552, 1.
-0.638242, -0.482410, 1.
0.008775, -0.640075, 1.
-0.129488, -0.080809, 1.
-0.641947, -0.011551, 1.
0.236361, 0.862545, 1.
-0.744146, 0.025024, 1.
-0.136875, 0.485189, 1.
0.240533, -0.256192, 1.
0.790317, -0.031382, 1.
-0.011969, 0.086601, 1.
-0.433262, 0.368166, 1.
0.023387, 0.061257, 1.
-0.368889, 0.279240, 1.
-0.132846, -0.192752, 1.
0.052769, 0.573937, 1.
-0.340298, -0.740970, 1.
0.425087, -0.608041, 1.
0.384515, 0.215404, 1.
0.360578, -0.627454, 1.
0.740712, 0.347012, 1.
0.149416, -0.235901, 1.
-0.591731, 0.780527, 1.
0.899695, 0.047727, 1.
-0.421204, 0.521242, 1.
0.591042, -0.680492, 1.
-0.131746, -0.259542, 1.
-0.479015, 0.126945, 1.
0.771072, -0.298442, 1.
0.749285, -0.114654, 1.
-0.332190, 0.472427, 1.
-0.305327, -0.530372, 1.
0.350494, 0.273468, 1.
0.990870, -0.058464, 1.
0.681994, -0.323418, 1.
0.291394, 0.177893, 1.
-0.430614, 0.512333, 1.
-0.015240, 0.948568, 1.
-0.516247, -0.631622, 1.
-0.115736, -0.326384, 1.
0.814983, 0.096274, 1.
-0.946153, 0.267160, 1.
-0.121747, -0.271463, 1.
-0.543429, 0.110401, 1.
0.206753, 0.552701, 1.
-0.372581, -0.706834, 1.
-0.187889, 0.890394, 1.
0.909149, 0.266733, 1.
0.389703, -0.005928, 1.
0.300843, 0.846274, 1.
0.398975, -0.648442, 1.
-0.610851, -0.134711, 1.
0.703116, -0.213368, 1.
-0.180044, 0.914327, 1.
-0.218797, 0.447374, 1.
-0.252992, 0.880744, 1.
0.845432, -0.257941, 1.
0.889179, -0.334612, 1.
0.109429, 0.365809, 1.
-0.069839, -0.743094, 1.
0.305594, -0.147193, 1.
0.175290, -0.655462, 1.
0.955354, 0.020722, 1.
-0.485086, 0.798872, 1.
0.856156, 0.246074, 1.
-0.606109, 0.222749, 1.
-0.045065, 0.914092, 1.
0.162431, -0.167800, 1.
-0.316123, -0.653516, 1.
-0.625726, -0.360770, 1.
-0.516237, 0.053315, 1.
0.040586, 0.879743, 1.
-0.397427, -0.589381, 1.
0.847441, -0.310358, 1.
0.036126, 0.517860, 1.
-0.347013, -0.691166, 1.
0.050073, -0.794694, 1.
-0.384076, 0.831553, 1.
-0.042994, 0.892400, 1.
-0.417958, 0.857297, 1.
-0.839376, 0.478146, 1.
0.786980, -0.470230, 1.
-0.175865, 0.557257, 1.
0.209903, -0.203213, 1.
0.737422, 0.481225, 1.
-0.684812, -0.139541, 1.
0.386212, -0.177627, 1.
-0.163984, -0.789654, 1.
-0.620370, 0.016879, 1.
0.813666, -0.406663, 1.
0.403853, 0.354068, 1.
0.320152, 0.919985, 1.
-0.440877, 0.342976, 1.
-0.315408, -0.706451, 1.
0.644867, 0.635096, 1.
0.371846, -0.196705, 1.
0.696516, 0.398006, 1.
-0.320351, 0.869040, 1.
-0.617549, -0.012662, 1.
-0.476872, -0.404015, 1.
-0.263197, -0.666368, 1.
-0.549039, -0.596384, 1.
-0.063605, -0.145436, 1.
-0.407053, 0.318846, 1.
0.841902, 0.116076, 1.
0.284071, -0.854089, 1.
0.927129, 0.282732, 1.
0.686348, -0.578340, 1.
-0.474434, 0.487971, 1.
-0.509491, -0.457918, 1.
-0.325277, 0.466247, 1.
0.811110, -0.381237, 1.
-0.933650, 0.315229, 1.
0.158660, 0.388730, 1.
-0.567381, -0.154992, 1.
0.810390, -0.041815, 1.
0.264516, -0.825010, 1.
0.024702, 0.075626, 1.
-0.300730, 0.889480, 1.
-0.416501, -0.389591, 1.
0.873679, -0.060230, 1.
-0.671501, 0.097558, 1.
0.731000, -0.206518, 1.
-0.507459, -0.625855, 1.
0.100783, -0.765368, 1.
-0.258584, -0.080977, 1.
0.354644, 0.181204, 1.
-0.524967, 0.123424, 1.
-0.114491, -0.793967, 1.
0.334164, -0.238958, 1.
0.896766, 0.341530, 1.
0.124244, -0.352475, 1.
0.831905, 0.485197, 1.
0.981783, -0.067312, 1.
-0.141662, 0.561689, 1.
-0.219041, -0.044254, 1.
0.331907, 0.892565, 1.
0.415186, 0.136156, 1.
-0.638552, 0.311953, 1.
-0.029111, 0.941261, 1.
0.242279, -0.309282, 1.
0.502377, 0.808636, 1.
0.294398, 0.436123, 1.
-0.061164, 0.903584, 1.
-0.570324, -0.565503, 1.
0.367824, -0.603648, 1.
0.882044, -0.320204, 1.
-0.378943, 0.397380, 1.
0.338068, 0.221168, 1.
0.873538, -0.159554, 1.
-0.176464, -0.675799, 1.
0.862985, -0.342539, 1.
0.501913, 0.856165, 1.
-0.110871, 0.536816, 1.
0.264530, -0.743047, 1.
-0.335355, -0.742435, 1.
-0.493929, -0.343004, 1.
-0.580633, 0.014751, 1.
0.538312, -0.717648, 1.
-0.422959, 0.403047, 1.
0.387896, -0.079243, 1.
0.338242, -0.166733, 1.
0.205359, 0.442072, 1.
0.826281, -0.361679, 1.
0.101087, 0.925511, 1.
-0.603593, -0.263897, 1.
-0.097195, 0.934719, 1.
0.136358, 0.551985, 1.
-0.124592, -0.612385, 1.
0.381181, 0.338698, 1.
0.224862, -0.799790, 1.
0.425860, 0.116807, 1.
-0.543153, -0.555685, 1.
0.691824, 0.431791, 1.
-0.016223, -0.838692, 1.
-0.217167, 0.045971, 1.
0.711971, -0.185233, 1.
0.401307, -0.770852, 1.
-0.624978, 0.166119, 1.
-0.197067, 0.949620, 1.
0.904224, -0.132808, 1.
0.271420, -0.666418, 1.
-0.111341, -0.072519, 1.
0.647335, -0.534239, 1.
-0.584618, -0.172160, 1.
0.840151, 0.171556, 1.
0.729347, -0.249144, 1.
0.224305, 0.973097, 1.
0.938962, -0.133542, 1.
0.904641, -0.339935, 1.
0.487905, -0.579820, 1.
0.730996, -0.567237, 1.
0.700220, 0.571147, 1.
-0.344758, -0.549049, 1.
0.385357, -0.713755, 1.
0.595969, -0.390339, 1.
0.223623, -0.801696, 1.
-0.399478, 0.510169, 1.
0.637183, -0.559459, 1.
0.861847, -0.411489, 1.
-0.751624, 0.592842, 1.
0.021273, 0.948596, 1.
0.327423, 0.422461, 1.
0.022240, 0.927946, 1.
-0.067370, -0.340577, 1.
-0.598153, -0.180075, 1.
0.898715, -0.157024, 1.
0.059358, 0.896104, 1.
-0.552113, -0.183113, 1.
0.362760, -0.669204, 1.
-0.606110, -0.359987, 1.
0.718889, -0.577268, 1.
-0.130248, 0.423356, 1.
-0.290588, 0.508908, 1.
-0.648116, 0.263723, 1.
-0.495769, -0.215964, 1.
0.415027, 0.335561, 1.
-0.189419, 0.468479, 1.
-0.194313, 0.555413, 1.
-0.545440, -0.064764, 1.
0.266033, 0.251142, 1.
0.891156, 0.405840, 1.
0.709750, 0.610045, 1.
0.828571, -0.420499, 1.
0.224329, 0.389163, 1.
0.644036, -0.360645, 1.
-0.275277, -0.545383, 1.
-0.534353, -0.321238, 1.
-0.620285, 0.731679, 1.
0.391603, 0.821060, 1.
0.431105, -0.000919, 1.
0.680854, -0.535494, 1.
0.537065, 0.769262, 1.
0.702272, -0.316825, 1.
-0.256533, -0.686297, 1.
-0.112148, 0.436985, 1.
0.057443, -0.780809, 1.
0.277683, -0.801992, 1.
0.588753, 0.705131, 1.
-0.536877, -0.370330, 1.
-0.254103, 0.584086, 1.
0.752852, -0.208721, 1.
-0.648985, -0.025755, 1.
0.239898, -0.195855, 1.
-0.490724, -0.428543, 1.
-0.150427, -0.604521, 1.
-0.103217, -0.222000, 1.
0.425975, -0.774710, 1.
0.495730, -0.526767, 1.
0.853988, -0.332017, 1.
-0.623117, 0.756486, 1.
-0.915194, 0.402032, 1.
-0.184049, 0.551939, 1.
-0.700326, 0.670058, 1.
-0.509627, 0.427949, 1.
0.458589, -0.132744, 1.
0.184436, 0.543395, 1.
-0.475016, -0.550680, 1.
0.904925, -0.009287, 1.
0.355340, -0.221947, 1.
-0.158531, -0.816249, 1.
0.610562, 0.605413, 1.
-0.307280, -0.714324, 1.
0.293877, -0.680364, 1.
-0.231044, -0.674140, 1.
-0.142831, -0.182988, 1.
0.879141, 0.447416, 1.
-0.437881, 0.255282, 1.
-0.119966, -0.108544, 1.
-0.205577, 0.567486, 1.
0.724544, -0.326435, 1.
0.014902, -0.693884, 1.
-0.291687, 0.351351, 1.
0.207060, 0.331444, 1.
0.313417, -0.698980, 1.
-0.205408, -0.806549, 1.
-0.337986, 0.902793, 1.
0.840700, 0.456438, 1.
0.871360, -0.412367, 1.
0.465739, -0.663836, 1.
0.726950, -0.233119, 1.
-0.042276, -0.209955, 1.
0.140435, 0.434906, 1.
-0.131804, -0.709629, 1.
0.722957, -0.291104, 1.
0.746808, 0.193237, 1.
-0.507491, 0.365715, 1.
-0.557596, -0.329066, 1.
-0.663452, 0.070092, 1.
-0.109744, 0.474158, 1.
-0.397305, -0.656661, 1.
-0.584833, 0.364657, 1.
0.354765, 0.080721, 1.
0.110673, 0.474263, 1.
0.503739, 0.713368, 1.
0.817601, -0.394761, 1.
0.969896, 0.164163, 1.
0.080200, 0.354478, 1.
-0.649254, 0.207255, 1.
0.388360, -0.178829, 1.
-0.199460, 0.600781, 1.
0.474650, -0.604091, 1.
0.619651, -0.414676, 1.
0.870172, 0.123390, 1.
-0.701308, 0.687773, 1.
0.728629, -0.125357, 1.
0.023186, -0.716309, 1.
-0.021099, -0.194768, 1.
0.251849, 0.203175, 1.
0.771808, 0.122021, 1.
-0.054857, -0.269665, 1.
0.753719, -0.016050, 1.
0.706802, -0.223095, 1.
0.267641, 0.928069, 1.
0.259669, -0.007328, 1.
0.113508, -0.761430, 1.
-0.455912, 0.142116, 1.
0.442406, 0.249906, 1.
0.284715, 0.181721, 1.
0.912056, 0.297211, 1.
-0.686140, -0.340930, 1.
0.770490, 0.421076, 1.
0.488635, -0.501129, 1.
0.726468, -0.345067, 1.
0.127959, 0.390782, 1.
-0.271612, 0.428031, 1.
0.427022, 0.293782, 1.
-0.683739, -0.084343, 1.
-0.521592, -0.227027, 1.
0.843832, -0.046118, 1.
-0.655336, -0.360504, 1.
-0.593138, 0.790489, 1.
0.026087, 0.411502, 1.
0.406883, -0.546890, 1.
0.270909, -0.696273, 1.
0.571662, 0.807769, 1.
-0.742962, -0.025132, 1.
0.071323, 0.987225, 1.
0.710369, 0.412940, 1.
-0.135350, 0.585927, 1.
0.292853, 0.406174, 1.
0.067482, -0.796024, 1.
0.252150, -0.746723, 1.
0.798729, 0.416115, 1.
-0.621261, -0.457317, 1.
0.338489, 0.243389, 1.
0.495858, 0.863506, 1.
0.334487, -0.186686, 1.
-0.538863, 0.133873, 1.
-0.026917, -0.353852, 1.
0.441603, -0.774767, 1.
-0.100576, -0.329494, 1.
-0.459340, -0.534640, 1.
0.708749, -0.596709, 1.
-0.489508, -0.641688, 1.
0.141208, 0.556305, 1.
-0.384345, -0.519957, 1.
-0.187768, -0.765419, 1.
0.281728, 0.473396, 1.
0.818550, 0.010595, 1.
0.682253, -0.565795, 1.
0.490638, 0.703847, 1.
-0.607144, -0.316024, 1.
0.338241, -0.148647, 1.
-0.132439, 0.453694, 1.
-0.535711, 0.050572, 1.
0.120317, 0.954928, 1.
0.315290, -0.248966, 1.
0.254820, -0.162119, 1.
0.197492, 0.308336, 1.
-0.054731, 0.535234, 1.
-0.138792, -0.105801, 1.
0.940259, 0.325497, 1.
0.944771, 0.060576, 1.
0.280424, -0.300811, 1.
0.846464, 0.007180, 1.
0.090940, -0.278250, 1.
0.621027, -0.654240, 1.
0.394777, -0.083366, 1.
0.832910, 0.217983, 1.
0.200143, -0.780504, 1.
-0.187799, 0.564995, 1.
0.173550, 0.523471, 1.
-0.167602, -0.205423, 1.
0.684871, 0.584461, 1.
0.821002, 0.079648, 1.
-0.702369, 0.701239, 1.
0.873408, -0.076872, 1.
-0.572737, 0.347051, 1.
0.314658, 0.876665, 1.
0.401803, 0.747189, 1.
0.270659, -0.180290, 1.
0.369929, 0.139890, 1.
-0.432513, -0.515782, 1.
0.976259, 0.068582, 1.
-0.171118, -0.142949, 1.
0.890728, -0.278972, 1.
0.332133, 0.161387, 1.
-0.698723, -0.247522, 1.
0.288062, -0.043035, 1.
0.076509, 0.531986, 1.
0.389683, -0.568515, 1.
0.188265, 0.566253, 1.
-0.272360, -0.614835, 1.
0.160122, 0.442120, 1.
-0.587921, -0.518721, 1.
0.028960, -0.688684, 1.
-0.427742, -0.372663, 1.
0.407570, 0.860320, 1.
-0.607048, -0.339189, 1.
-0.115562, -0.249538, 1.
-0.199040, 0.612077, 1.
-0.359006, -0.726729, 1.
0.783397, 0.144626, 1.
0.301642, 0.397898, 1.
0.977935, -0.055698, 1.
0.350793, 0.146924, 1.
-0.240998, -0.027342, 1.
-0.085778, -0.050771, 1.
-0.247624, 0.919168, 1.
0.317067, -0.755712, 1.
0.314519, 0.260806, 1.
-0.606142, -0.007763, 1.
0.945717, 0.295603, 1.
0.065199, 0.928459, 1.
0.898590, 0.144042, 1.
0.388330, 0.089850, 1.
0.713258, -0.297151, 1.
-0.649344, 0.297427, 1.
0.368161, -0.241614, 1.
0.925118, 0.112485, 1.
0.092973, -0.302011, 1.
0.616063, -0.388827, 1.
0.744369, 0.514653, 1.
0.846393, 0.276405, 1.
0.572108, -0.422758, 1.
0.349754, 0.444086, 1.
0.191879, 0.449625, 1.
-0.268791, 0.922189, 1.
-0.071936, -0.861517, 1.
-0.075452, 0.485231, 1.
-0.070683, 0.969902, 1.
-0.024432, -0.160993, 1.
0.363735, 0.126953, 1.
0.534304, -0.702902, 1.
0.573136, -0.598574, 1.
0.886657, 0.266404, 1.
-0.228015, -0.184026, 1.
-0.103768, -0.116565, 1.
0.181474, 0.871799, 1.
0.722442, 0.683048, 1.
0.578576, -0.516361, 1.
-0.222209, -0.057689, 1.
0.610592, -0.687906, 1.
0.239409, -0.155702, 1.
0.500513, -0.495338, 1.
-0.231201, -0.128975, 1.
0.686999, 0.476648, 1.
0.670309, -0.416770, 1.
-0.639917, -0.148217, 1.
-0.433837, 0.312622, 1.
-0.024084, -0.823244, 1.
-0.131946, 0.417965, 1.
0.458265, -0.542121, 1.
-0.137370, -0.815974, 1.
0.118153, -0.226143, 1.
0.047267, 0.986207, 1.
-0.661219, -0.367852, 1.
0.627404, -0.662557, 1.
-0.577088, -0.197341, 1.
0.582755, -0.511437, 1.
0.882503, 0.062039, 1.
0.227561, -0.246209, 1.
0.385938, 0.074982, 1.
-0.279747, -0.688616, 1.
0.971085, 0.047362, 1.
-0.187948, 0.914971, 1.
-0.462277, -0.595928, 1.
-0.364237, -0.668628, 1.
-0.585104, 0.773688, 1.
-0.569983, 0.391114, 1.
-0.581204, -0.410109, 1.
-0.633795, 0.054558, 1.
-0.672280, -0.186047, 1.
-0.058121, -0.049187, 1.
-0.621613, -0.092570, 1.
-0.207751, -0.202425, 1.
-0.503263, 0.224528, 1.
-0.211453, 0.433147, 1.
-0.357861, -0.633065, 1.
-0.517254, 0.038613, 1.
0.740234, 0.274995, 1.
0.836188, -0.126469, 1.
-0.716346, 0.119545, 1.
-0.167081, -0.761979, 1.
-0.639288, 0.087454, 1.
-0.479399, 0.874527, 1.
0.607383, -0.592819, 1.
0.115535, 0.891037, 1.
0.198074, -0.640355, 1.
0.193241, 0.856542, 1.
0.283257, 0.346504, 1.
0.221031, 0.962434, 1.
-0.033402, 0.462494, 1.
-0.650695, -0.009231, 1.
-0.033478, -0.226843, 1.
0.376099, 0.913687, 1.
-0.536786, -0.518778, 1.
-0.443718, 0.429812, 1.
0.268564, 0.075177, 1.
-0.291593, -0.728148, 1.
-0.418181, -0.416359, 1.
0.955899, -0.068876, 1.
-0.695861, 0.042830, 1.
-0.061728, -0.637618, 1.
-0.043770, -0.780103, 1.
-0.320314, 0.512512, 1.
0.649709, -0.376598, 1.
0.963427, -0.081727, 1.
0.557968, -0.593014, 1.
0.105968, -0.778511, 1.
-0.079104, -0.172804, 1.
-0.617190, 0.013843, 1.
0.901103, 0.062496, 1.
0.685899, -0.510218, 1.
-0.530915, 0.384478, 1.
0.791464, 0.078867, 1.
0.465234, 0.237753, 1.
0.347127, 0.382584, 1.
0.280291, -0.149853, 1.
-0.113979, 0.417305, 1.
-0.196598, -0.212876, 1.
-0.520199, 0.329757, 1.
0.819539, -0.192978, 1.
0.550178, -0.532063, 1.
-0.605379, 0.354490, 1.
0.391206, 0.204246, 1.
-0.151159, 0.123152, 1.
0.946141, -0.134591, 1.
0.227165, 0.496319, 1.
-0.162039, -0.119851, 1.
0.892186, 0.300829, 1.
-0.344680, -0.643490, 1.
0.169677, 0.969816, 1.
0.264897, -0.681681, 1.
0.798502, 0.347103, 1.
0.340876, 0.815461, 1.
0.418638, 0.773431, 1.
0.660512, -0.460207, 1.
0.372549, -0.074590, 1.
-0.727487, -0.043128, 1.
-0.077825, -0.308397, 1.
0.110869, 0.517630, 1.
-0.244690, 0.875767, 1.
0.395095, 0.789479, 1.
0.879298, 0.340935, 1.
0.713193, 0.640467, 1.
0.806888, -0.031477, 1.
0.487740, -0.655004, 1.
-0.536129, -0.517117, 1.
0.213632, 0.547869, 1.
0.711293, -0.235687, 1.
-0.097159, -0.614613, 1.
-0.505017, 0.366713, 1.
-0.131729, -0.164790, 1.
0.550603, -0.719793, 1.
0.580075, -0.476069, 1.
0.101245, -0.225066, 1.
0.902677, -0.197952, 1.
0.232871, -0.126662, 1.
-0.982748, 0.163617, 1.
-0.133625, 0.559453, 1.
-0.512166, -0.013487, 1.
0.286354, 0.162597, 1.
0.662417, -0.395082, 1.
-0.550934, 0.029631, 1.
-0.640757, 0.240614, 1.
0.615798, -0.661378, 1.
0.582766, -0.517827, 1.
-0.583823, -0.317092, 1.
0.845505, -0.164534, 1.
-0.018847, 0.994996, 1.
0.156134, -0.130612, 1.
0.560091, -0.436899, 1.
-0.114440, 0.522846, 1.
-0.072430, 0.077715, 1.
0.828509, -0.456632, 1.
0.860123, 0.220614, 1.
0.203254, -0.723701, 1.
-0.085925, -0.688591, 1.
-0.235384, 0.866497, 1.
0.265207, 0.119533, 1.
-0.587356, 0.217998, 1.
-0.147841, 0.970351, 1.
-0.553965, 0.268235, 1.
0.509680, 0.786383, 1.
0.360493, -0.246256, 1.
-0.004220, 0.946039, 1.
0.299489, 0.141972, 1.
-0.071645, -0.764606, 1.
-0.621677, -0.406308, 1.
0.222159, 0.374103, 1.
-0.460269, -0.330245, 1.
-0.030490, -0.819515, 1.
-0.535707, -0.132376, 1.
0.640759, 0.767393, 1.
0.733692, 0.592348, 1.
0.386884, -0.239408, 1.
-0.928494, 0.334070, 1.
0.619133, 0.712265, 1.
0.101463, -0.145591, 1.
0.291353, 0.460612, 1.
-0.521269, 0.025045, 1.
0.886365, -0.376822, 1.
-0.546178, 0.337190, 1.
0.533259, -0.474672, 1.
-0.424222, 0.443184, 1.
0.631989, 0.694080, 1.
0.031270, 0.564511, 1.
-0.622323, -0.291410, 1.
-0.005115, -0.733762, 1.
-0.377281, -0.479821, 1.
0.812491, -0.324580, 1.
-0.266345, -0.576370, 1.
0.272361, 0.853205, 1.
-0.438205, 0.383500, 1.
-0.116672, -0.706036, 1.
0.022333, -0.166701, 1.
0.329368, -0.627530, 1.
0.718500, 0.609466, 1.
0.071346, -0.699793, 1.
0.166145, -0.278916, 1.
0.580426, 0.646007, 1.
-0.097986, 0.507573, 1.
0.122528, 0.461993, 1.
0.648669, -0.548104, 1.
-0.485080, -0.369437, 1.
0.716348, -0.582476, 1.
-0.683212, -0.212306, 1.
-0.282269, 0.482933, 1.
0.552958, 0.808341, 1.
-0.229356, 0.026772, 1.
-0.448015, -0.395163, 1.
0.392531, -0.211929, 1.
-0.648294, -0.098691, 1.
0.010435, 0.077644, 1.
0.133687, 0.543472, 1.
0.350962, -0.226017, 1.
0.703818, -0.520292, 1.
0.348481, 0.441875, 1.
-0.222170, -0.666302, 1.
0.877170, 0.138614, 1.
0.169963, 0.984228, 1.
-0.403595, 0.455180, 1.
-0.144647, 0.899464, 1.
0.135141, 0.417582, 1.
0.812024, 0.441714, 1.
-0.711001, 0.689194, 1.
-0.419672, 0.458962, 1.
0.896362, -0.232503, 1.
-0.071750, -0.337826, 1.
-0.438361, 0.439240, 1.
0.201185, -0.838710, 1.
-0.082434, -0.808569, 1.
0.390206, 0.200874, 1.
0.281802, -0.186143, 1.
-0.140454, 0.589163, 1.
0.372767, 0.199354, 1.
-0.397114, -0.426048, 1.
-0.234617, 0.899416, 1.
-0.483489, -0.441029, 1.
-0.486461, 0.798313, 1.
0.372828, -0.622110, 1.
-0.646569, -0.093427, 1.
0.450561, -0.556403, 1.
0.112422, 0.345534, 1.
0.191665, 0.873452, 1.
0.347740, 0.406457, 1.
-0.437444, 0.864252, 1.
0.965428, 0.076095, 1.
0.453984, 0.709591, 1.
0.371998, 0.807415, 1.
0.990573, -0.010937, 1.
-0.233362, 0.545066, 1.
0.186264, -0.267933, 1.
-0.441580, 0.442320, 1.
0.882561, 0.174584, 1.
-0.562778, -0.318877, 1.
-0.226508, 0.883195, 1.
-0.488068, -0.630322, 1.
0.729859, -0.138301, 1.
0.808215, -0.503503, 1.
-0.593235, -0.005521, 1.
0.843307, 0.298887, 1.
0.666756, 0.437276, 1.
0.477412, 0.748496, 1.
-0.524452, 0.848033, 1.
-0.057764, -0.716237, 1.
-0.623072, 0.121549, 1.
-0.128019, 0.480000, 1.
-0.534366, 0.099587, 1.
-0.463137, -0.602157, 1.
0.469331, 0.194591, 1.
0.992060, 0.016666, 1.
-0.374190, 0.469473, 1.
-0.234838, -0.172841, 1.
0.458817, -0.116664, 1.
-0.092304, 0.934365, 1.
0.198932, 0.496370, 1.
-0.382081, 0.520973, 1.
0.055861, -0.858804, 1.
0.134161, 0.521494, 1.
0.240783, 0.925779, 1.
-0.676379, 0.123216, 1.
-0.027763, -0.684319, 1.
0.785154, -0.094957, 1.
-0.574794, 0.243971, 1.
0.788379, 0.332902, 1.
0.182833, 0.396464, 1.
0.595647, -0.618235, 1.
-0.107166, -0.755361, 1.
0.765613, 0.013486, 1.
-0.174448, -0.811135, 1.
0.240664, 0.250009, 1.
0.068779, -0.739221, 1.
-0.494581, -0.479004, 1.
0.472366, -0.728969, 1.
0.145531, 0.570408, 1.
-0.669958, -0.389614, 1.
0.022370, 0.570706, 1.
0.860395, 0.379376, 1.
0.236576, -0.645626, 1.
-0.583046, 0.095468, 1.
-0.549327, -0.019676, 1.
0.653762, -0.602072, 1.
-0.605715, 0.363592, 1.
-0.066000, -0.311723, 1.
-0.635029, -0.139492, 1.
0.050402, -0.852139, 1.
-0.542834, -0.370494, 1.
-0.601772, -0.523499, 1.
0.220792, -0.069809, 1.
-0.066252, -0.728807, 1.
-0.034912, -0.770566, 1.
0.271626, 0.164392, 1.
-0.527561, 0.405792, 1.
-0.526042, 0.365596, 1.
-0.344725, 0.498495, 1.
0.069319, -0.167609, 1.
0.374478, 0.079571, 1.
0.198792, -0.691774, 1.
0.350765, -0.723156, 1.
0.352466, 0.318826, 1.
0.732937, 0.266188, 1.
0.262126, 0.091505, 1.
0.663494, 0.734565, 1.
-0.050055, -0.121404, 1.
-0.712135, 0.085465, 1.
0.816986, 0.234364, 1.
-0.499448, 0.385289, 1.
-0.400838, -0.584905, 1.
-0.087901, -0.207512, 1.
0.001385, -0.671967, 1.
-0.547731, 0.337418, 1.
0.507893, -0.602385, 1.
0.708060, -0.555155, 1.
0.411138, -0.700369, 1.
0.965395, -0.082889, 1.
-0.149655, -0.744522, 1.
-0.604710, -0.109105, 1.
0.887771, 0.322278, 1.
-0.488061, -0.510109, 1.
0.940928, -0.239114, 1.
0.060517, -0.752586, 1.
-0.209943, -0.023757, 1.
0.010929, -0.711356, 1.
-0.489034, 0.053734, 1.
0.136203, -0.260721, 1.
-0.395567, -0.618623, 1.
0.375757, -0.206297, 1.
-0.033674, 0.458808, 1.
0.591349, 0.736052, 1.
0.356123, 0.225188, 1.
-0.721077, -0.090449, 1.
0.290928, 0.158188, 1.
-0.551676, -0.577606, 1.
0.843686, -0.182074, 1.
0.066897, -0.677964, 1.
-0.168548, -0.649068, 1.
0.398086, -0.795691, 1.
0.833612, 0.181752, 1.
0.963598, -0.182717, 1.
-0.689833, 0.104905, 1.
0.962143, -0.071815, 1.
0.383735, -0.168377, 1.
0.748886, -0.323989, 1.
-0.076254, 0.890883, 1.
0.436490, -0.038934, 1.
-0.389843, -0.425958, 1.
0.405665, -0.726677, 1.
-0.619283, -0.407556, 1.
-0.533381, -0.547959, 1.
-0.432066, 0.390365, 1.
-0.657075, 0.247959, 1.
-0.344714, -0.458938, 1.
0.891581, -0.262509, 1.
-0.398825, 0.391995, 1.
0.059900, -0.381535, 1.
-0.108212, -0.193371, 1.
0.275615, 0.500571, 1.
0.529273, 0.742234, 1.
0.132599, -0.704463, 1.
0.345166, 0.787885, 1.
-0.300790, 0.431725, 1.
0.897290, -0.011716, 1.
-0.381449, -0.443194, 1.
-0.031858, 0.894166, 1.
0.173783, -0.271069, 1.
-0.066508, 0.415044, 1.
-0.350670, 0.901634, 1.
0.309210, -0.293293, 1.
-0.600950, -0.054389, 1.
-0.066539, -0.728506, 1.
0.353755, 0.192439, 1.
-0.168084, 0.423996, 1.
-0.635536, -0.319215, 1.
0.387492, 0.305383, 1.
-0.394611, 0.290757, 1.
-0.500454, -0.476563, 1.
-0.460012, -0.347527, 1.
-0.537633, -0.388804, 1.
0.601892, -0.506179, 1.
0.640030, -0.437902, 1.
0.359183, 0.198598, 1.
0.083453, -0.298304, 1.
0.157741, 0.566648, 1.
-0.357802, 0.408305, 1.
0.394405, 0.141744, 1.
-0.454412, 0.396109, 1.
-0.112070, -0.838517, 1.
-0.375366, -0.488677, 1.
0.261809, 0.290920, 1.
-0.362010, 0.855018, 1.
0.053616, -0.832931, 1.
-0.301130, -0.788642, 1.
0.517659, -0.753487, 1.
-0.599729, 0.311876, 1.
-0.292015, 0.528552, 1.
0.591089, 0.791053, 1.
0.072945, -0.784277, 1.
-0.457125, -0.473780, 1.
-0.133041, -0.142355, 1.
0.104158, 0.392368, 1.
0.273332, 0.445569, 1.
-0.525070, -0.135579, 1.
0.080144, 0.538999, 1.
0.177047, 0.416906, 1.
0.315790, 0.934375, 1.
0.053316, -0.229463, 1.
0.296756, 0.292379, 1.
0.676997, 0.557994, 1.
0.777973, -0.423894, 1.
0.465018, -0.747097, 1.
0.800778, -0.479329, 1.
0.107459, -0.279995, 1.
0.842136, -0.355700, 1.
0.936678, 0.240253, 1.
0.128418, -0.234860, 1.
0.295077, -0.181178, 1.
-0.361674, 0.535717, 1.
0.329637, -0.750829, 1.
-0.106530, -0.630722, 1.
-0.689335, -0.169852, 1.
0.609531, 0.738411, 1.
-0.556176, -0.592222, 1.
-0.152620, 0.430991, 1.
-0.430766, 0.214175, 1.
0.303581, 0.864312, 1.
0.687692, 0.655751, 1.
0.294676, -0.139377, 1.
0.690771, 0.610053, 1.
0.565586, -0.473369, 1.
0.712558, -0.263835, 1.
-0.024107, 0.016140, 1.
0.656256, -0.662618, 1.
-0.636280, 0.704641, 1.
0.191495, 0.336408, 1.
0.360302, -0.117734, 1.
-0.053538, -0.295946, 1.
0.490925, 0.062117, 1.
-0.655836, 0.203484, 1.
0.798282, 0.320057, 1.
-0.671053, 0.177670, 1.
0.760161, -0.329269, 1.
-0.481998, 0.096047, 1.
-0.567545, 0.785994, 1.
-0.408236, 0.378917, 1.
-0.552648, -0.464765, 1.
0.037619, -0.754365, 1.
0.855292, 0.257243, 1.
-0.565087, 0.043658, 1.
0.099179, -0.732251, 1.
-0.554548, -0.140660, 1.
-0.061519, -0.036546, 1.
-0.327048, -0.612157, 1.
0.766760, 0.640215, 1.
0.025450, 0.064411, 1.
0.718437, 0.454937, 1.
0.639175, -0.326117, 1.
0.365008, -0.097292, 1.
-0.733119, 0.014063, 1.
0.708238, 0.417048, 1.
0.555516, 0.816175, 1.
-0.489198, 0.273953, 1.
0.271112, -0.250229, 1.
0.423653, 0.043274, 1.
-0.393235, -0.644142, 1.
0.088690, 0.942583, 1.
0.157630, 0.367469, 1.
0.417581, -0.785107, 1.
-0.702393, -0.263883, 1.
-0.468374, 0.853123, 1.
0.792198, -0.236139, 1.
0.807135, 0.340456, 1.
0.911448, 0.305225, 1.
-0.501745, -0.644402, 1.
-0.132912, -0.204138, 1.
0.091716, 0.398714, 1.
-0.558859, 0.776061, 1.
0.467411, -0.766661, 1.
0.449190, -0.652943, 1.
0.703134, 0.453006, 1.
0.054831, -0.809650, 1.
0.101850, 0.495972, 1.
0.729311, -0.493668, 1.
-0.146611, -0.688078, 1.
0.764928, -0.474475, 1.
-0.470315, -0.396916, 1.
-0.433029, -0.593981, 1.
0.931711, -0.185781, 1.
-0.583452, -0.279259, 1.
-0.623142, 0.101088, 1.
0.291438, 0.342367, 1.
0.764181, -0.318007, 1.
0.835474, -0.382430, 1.
0.174093, -0.241156, 1.
0.361928, -0.208098, 1.
-0.289002, 0.928898, 1.
0.197921, -0.357291, 1.
0.363450, -0.697160, 1.
-0.602857, 0.740308, 1.
0.171998, -0.304634, 1.
-0.426350, -0.407894, 1.
-0.373019, 0.509058, 1.
-0.673591, 0.187381, 1.
-0.433457, -0.639647, 1.
-0.208328, 0.929993, 1.
0.826476, -0.157701, 1.
-0.058042, -0.284297, 1.
0.698160, 0.698590, 1.
-0.709304, -0.231937, 1.
0.839376, -0.082323, 1.
-0.577073, 0.324513, 1.
0.241376, -0.315642, 1.
-0.149857, -0.623094, 1.
0.008453, -0.295735, 1.
-0.538753, -0.577757, 1.
-0.497763, 0.018041, 1.
0.893531, 0.064262, 1.
-0.611224, -0.038440, 1.
0.681342, -0.571008, 1.
-0.097694, -0.620287, 1.
0.092876, -0.205897, 1.
-0.068218, 0.495452, 1.
0.808356, 0.303673, 1.
0.185703, -0.691327, 1.
-0.085672, 0.893870, 1.
0.666672, 0.662071, 1.
0.152831, 0.880690, 1.
0.184363, -0.763534, 1.
-0.336927, 0.552298, 1.
-0.690990, -0.177212, 1.
0.131461, -0.174396, 1.
0.369095, 0.814413, 1.
0.572305, -0.716577, 1.
-0.515927, 0.130032, 1.
0.220734, 0.415344, 1.
0.024457, 0.369593, 1.
-0.404622, -0.392821, 1.
0.189440, 0.964473, 1.
-0.578408, -0.238255, 1.
0.009944, -0.667173, 1.
-0.240626, 0.460006, 1.
-0.832738, 0.501476, 1.
0.148941, 0.921085, 1.
-0.337144, -0.661620, 1.
0.885558, 0.084447, 1.
0.100125, -0.866546, 1.
-0.374303, 0.336788, 1.
0.851377, -0.007097, 1.
0.148452, 0.392593, 1.
0.171941, 0.874544, 1.
0.795629, -0.101795, 1.
0.814641, 0.196975, 1.
-0.186040, 0.485931, 1.
-0.418804, -0.414180, 1.
-0.628667, -0.183455, 1.
-0.093298, -0.833038, 1.
0.714750, 0.565964, 1.
-0.105622, -0.814415, 1.
0.726953, -0.398481, 1.
0.172065, 0.332028, 1.
0.772351, -0.320668, 1.
-0.302323, 0.929209, 1.
-0.589663, -0.238410, 1.
0.926070, -0.004987, 1.
-0.665445, 0.063438, 1.
0.308843, 0.458429, 1.
-0.171393, 0.109409, 1.
-0.817205, 0.535606, 1.
-0.686563, 0.011402, 1.
-0.354985, -0.692538, 1.
-0.646713, 0.156621, 1.
0.865835, 0.115415, 1.
0.288498, 0.403290, 1.
0.805783, 0.456942, 1.
0.194758, 0.853773, 1.
0.168199, 0.457062, 1.
0.082631, 0.481636, 1.
0.789098, -0.356972, 1.
0.799650, 0.463976, 1.
-0.140321, -0.309296, 1.
0.849192, 0.112267, 1.
0.841472, 0.123459, 1.
-0.508693, 0.048985, 1.
0.469568, -0.719595, 1.
0.836200, -0.372648, 1.
0.793341, 0.525266, 1.
0.466194, -0.626138, 1.
