1 25.25 24.0 24.349999999999998
2 25.5 23.0 24.349999999999998
3 23.125 32.5 24.349999999999998
4 24.5 27.0 24.349999999999998
5 17.625 19.5 17.9
6 14.625 13.5 12.7
7 14.249999999999998 13.5 12.75
8 12.625 14.000000000000002 11.200000000000001
9 10.75 12.0 11.600000000000001
10 13.375 14.499999999999998 12.3
11 12.625 15.0 12.85
12 12.125 11.5 11.200000000000001
13 13.25 13.5 12.15
14 10.125 8.5 10.5
15 11.375 13.5 10.85
16 9.875 12.0 11.25
17 10.875 8.5 11.200000000000001
18 10.5 15.0 12.35
19 10.375 11.5 10.75
20 9.625 11.5 12.75
21 11.0 10.0 12.7
22 10.75 8.5 12.8
23 9.125 16.5 11.95
24 10.625 15.0 12.3
25 10.0 14.499999999999998 13.65
26 10.75 13.0 12.1
27 10.875 18.5 13.600000000000001
28 8.875 14.499999999999998 12.5
29 11.375 13.5 13.8
30 10.875 15.5 13.600000000000001
31 10.5 16.5 13.700000000000001
32 9.0 12.5 13.5
33 9.25 14.499999999999998 13.600000000000001
34 8.625 9.5 12.7
35 9.25 16.0 12.55
36 10.0 15.5 14.249999999999998
37 10.25 13.0 12.1
38 8.75 12.0 13.25
39 9.125 12.5 13.700000000000001
40 9.0 11.0 13.4
41 10.125 13.5 14.95
42 9.875 14.499999999999998 15.049999999999999
43 8.5 19.0 15.55
44 9.25 13.5 13.350000000000001
45 9.375 21.0 15.1
46 8.75 21.0 15.65
47 11.625 15.5 14.649999999999999
48 9.375 15.5 13.65
49 9.75 16.0 15.35
50 10.75 11.0 14.95
51 8.75 16.5 13.950000000000001
52 8.5 17.0 16.150000000000002
53 8.625 15.5 14.649999999999999
54 9.5 18.5 16.150000000000002
55 8.875 15.0 15.5
56 10.25 13.5 14.899999999999999
57 11.5 19.0 16.950000000000003
58 10.0 14.499999999999998 16.85
59 8.75 11.5 14.799999999999999
60 8.625 9.5 14.399999999999999
61 8.875 21.0 16.45
62 8.625 16.5 14.399999999999999
63 8.625 16.5 17.299999999999997
64 9.5 17.0 15.55
65 9.125 11.5 15.1
66 9.75 16.5 17.2
67 7.375 20.0 15.9
68 9.625 16.0 16.45
69 7.625 16.0 16.400000000000002
70 7.75 12.0 14.499999999999998
71 9.375 20.0 19.25
72 8.375 18.0 16.950000000000003
73 10.0 18.0 18.65
74 9.875 22.0 18.5
75 7.625 18.0 16.75
76 8.25 15.0 17.150000000000002
77 9.5 19.5 19.35
78 8.875 18.5 18.9
79 8.125 18.5 15.8
80 8.5 16.5 17.849999999999998
81 7.375 18.0 18.15
82 8.0 15.0 18.95
83 8.375 18.0 17.849999999999998
84 9.125 17.0 17.549999999999997
85 10.75 20.5 22.1
86 8.0 16.0 16.7
87 9.0 19.5 21.349999999999998
88 10.0 21.5 18.75
89 7.000000000000001 18.0 16.650000000000002
90 7.875 16.5 15.8
91 8.75 19.5 21.7
92 8.625 23.5 19.6
93 8.125 15.5 18.099999999999998
94 9.625 19.0 20.45
95 10.375 20.5 20.5
96 8.125 20.0 18.3
97 6.125 19.5 17.150000000000002
98 8.625 22.5 20.95
99 10.0 24.5 23.95
100 8.25 19.5 20.25
101 9.125 17.5 20.9
102 7.75 17.5 16.8
103 7.75 22.5 19.900000000000002
104 9.5 23.0 20.9
105 7.375 20.5 18.65
106 10.75 25.5 23.25
107 7.375 17.5 18.95
108 7.875 20.0 22.1
109 10.875 20.0 19.900000000000002
110 9.875 22.0 22.650000000000002
111 8.875 23.0 22.7
112 6.0 23.5 19.75
113 9.125 24.0 22.650000000000002
114 9.625 21.5 23.25
115 10.125 26.5 27.3
116 9.875 23.0 23.65
117 9.75 21.5 22.15
118 7.625 25.0 24.099999999999998
119 8.25 26.5 23.549999999999997
120 9.625 24.5 23.65
121 6.75 18.5 18.6
122 10.25 24.0 24.349999999999998
123 9.25 26.0 20.599999999999998
124 8.25 26.0 23.849999999999998
125 9.5 23.5 23.9
126 12.375 30.0 27.250000000000004
127 9.125 23.0 23.150000000000002
128 9.25 27.0 22.650000000000002
129 9.375 25.0 23.0
130 10.0 22.5 25.5
131 9.5 20.0 22.650000000000002
132 9.25 19.5 23.65
133 9.25 24.0 25.45
134 12.125 28.000000000000004 28.4
135 10.25 23.5 24.45
136 7.375 20.0 22.55
137 8.375 21.5 21.45
138 10.5 24.0 25.0
139 10.5 26.0 25.25
140 9.75 26.0 25.0
141 11.0 23.0 24.2
142 14.000000000000002 34.5 30.95
143 8.125 24.0 23.799999999999997
144 12.0 31.0 29.25
145 9.0 27.0 24.8
146 9.875 27.0 27.1
147 8.5 24.0 22.25
148 9.0 23.5 25.650000000000002
149 7.875 22.5 24.85
150 11.5 33.0 29.599999999999998
151 9.75 28.499999999999996 25.15
152 10.5 30.0 31.6
153 9.875 28.000000000000004 27.700000000000003
154 10.625 28.999999999999996 26.650000000000002
155 11.625 29.5 27.6
156 10.75 28.999999999999996 28.599999999999998
157 10.25 27.0 26.900000000000002
158 7.000000000000001 26.0 24.8
159 12.0 29.5 29.25
160 8.0 22.5 24.75
161 6.875000000000001 24.0 24.5
162 10.75 28.000000000000004 26.85
163 9.5 27.0 27.6
164 8.0 25.0 25.0
165 10.875 26.0 28.95
166 10.125 30.5 28.199999999999996
167 10.75 24.5 28.299999999999997
168 11.375 34.5 29.849999999999998
169 12.375 26.5 30.7
170 12.0 24.0 29.75
171 11.0 29.5 29.95
172 11.375 28.999999999999996 30.45
173 10.875 28.499999999999996 29.4
174 7.875 28.999999999999996 28.050000000000004
175 14.625 39.0 36.85
176 7.124999999999999 30.5 26.5
177 7.75 30.0 28.549999999999997
178 14.499999999999998 30.5 36.05
179 10.125 28.499999999999996 30.599999999999998
180 12.75 32.5 32.550000000000004
181 10.25 25.5 28.95
182 9.875 28.999999999999996 32.0
183 11.125 28.499999999999996 31.0
184 10.75 30.5 31.75
185 12.125 33.5 33.650000000000006
186 10.75 34.0 30.2
187 9.0 34.0 28.349999999999998
188 10.75 35.0 32.800000000000004
189 11.125 28.000000000000004 31.85
190 11.25 32.0 33.550000000000004
191 9.875 31.5 30.8
192 10.75 28.499999999999996 32.5
193 9.625 32.0 30.25
194 11.375 30.0 34.35
195 10.25 33.0 32.05
196 11.0 31.0 32.6
197 10.25 31.5 33.650000000000006
198 10.5 34.0 33.85
199 11.625 32.0 31.95
200 11.25 27.500000000000004 30.4
