1 50.0 51.800000000000004 50.0
2 41.64 43.4 44.35
3 46.12 47.199999999999996 46.97
4 41.0 42.6 42.11
5 40.239999999999995 44.4 43.08
6 42.16 41.8 43.28
7 34.56 36.8 36.94
8 33.64 34.0 34.47
9 38.2 37.4 39.65
10 36.8 37.0 38.26
11 32.16 30.599999999999998 34.2
12 32.48 35.4 35.49
13 31.0 31.8 34.07
14 27.68 28.199999999999996 30.759999999999998
15 32.879999999999995 33.800000000000004 33.97
16 30.48 31.0 33.56
17 30.28 33.2 33.0
18 30.680000000000003 32.6 32.379999999999995
19 28.96 29.4 32.16
20 29.520000000000003 30.599999999999998 32.17
21 28.64 29.4 31.45
22 29.4 29.599999999999998 32.33
23 28.439999999999998 29.599999999999998 30.520000000000003
24 29.4 30.0 32.029999999999994
25 29.080000000000002 30.2 30.959999999999997
26 28.720000000000002 28.000000000000004 31.59
27 28.199999999999996 28.199999999999996 31.39
28 28.88 32.0 32.22
29 28.199999999999996 33.6 31.740000000000002
30 27.800000000000004 31.0 31.09
31 27.400000000000002 33.0 31.11
32 27.76 28.599999999999998 31.380000000000003
33 27.839999999999996 30.4 31.56
34 27.32 28.000000000000004 30.9
35 27.560000000000002 29.599999999999998 31.1
36 27.12 28.199999999999996 30.490000000000002
37 27.560000000000002 27.6 30.91
38 26.56 28.000000000000004 30.159999999999997
39 27.36 27.0 29.4
40 27.32 28.4 30.79
41 27.439999999999998 31.4 30.830000000000002
42 26.0 30.8 30.769999999999996
43 27.08 28.599999999999998 31.119999999999997
44 27.400000000000002 28.4 31.11
45 26.279999999999998 30.0 31.0
46 26.32 30.599999999999998 30.759999999999998
47 26.640000000000004 32.4 30.95
48 26.56 30.2 30.680000000000003
49 27.08 27.0 30.4
50 26.32 28.4 30.080000000000002
51 26.44 30.8 30.89
52 26.200000000000003 28.999999999999996 30.080000000000002
53 27.0 30.4 31.19
54 26.040000000000003 28.4 30.48
55 27.04 28.199999999999996 30.73
56 26.040000000000003 31.8 30.7
57 26.32 30.8 31.480000000000004
58 26.0 32.6 31.36
59 25.759999999999998 29.4 30.3
60 27.08 31.0 30.79
61 26.479999999999997 30.0 31.56
62 25.72 29.4 31.290000000000003
63 26.279999999999998 31.4 31.66
64 26.040000000000003 30.4 31.240000000000002
65 27.08 31.0 32.22
66 26.76 31.4 31.819999999999997
67 25.919999999999998 30.2 31.14
68 26.52 32.2 31.64
69 25.8 27.400000000000002 30.85
70 26.44 34.0 32.15
71 26.6 30.4 31.669999999999998
72 26.240000000000002 30.4 31.8
73 26.8 29.799999999999997 32.57
74 27.200000000000003 28.999999999999996 32.05
75 26.52 28.799999999999997 31.35
76 26.32 31.4 31.65
77 27.279999999999998 30.2 31.8
78 26.56 31.4 31.47
79 27.04 33.2 32.32
80 25.56 30.0 30.55
81 26.32 33.2 32.49
82 26.640000000000004 29.4 32.86
83 26.479999999999997 32.0 32.86
84 26.400000000000002 30.8 32.019999999999996
85 26.44 33.0 32.33
86 27.279999999999998 31.6 32.56
87 25.28 33.0 31.979999999999997
88 27.08 31.6 32.940000000000005
89 26.479999999999997 32.800000000000004 32.029999999999994
90 26.16 32.4 32.54
91 26.44 33.800000000000004 32.67
92 26.040000000000003 31.0 33.019999999999996
93 26.200000000000003 32.0 32.75
94 26.119999999999997 29.799999999999997 32.46
95 26.8 31.4 33.0
96 26.400000000000002 31.2 32.379999999999995
97 25.88 32.4 32.48
98 25.919999999999998 34.8 32.83
99 25.96 34.8 33.14
100 27.12 32.4 33.660000000000004
101 26.68 29.2 33.08
102 26.200000000000003 32.6 32.93
103 27.08 34.2 33.48
104 26.400000000000002 32.800000000000004 33.1
105 26.8 34.2 33.03
106 26.6 32.800000000000004 34.35
107 26.88 33.2 33.67
108 26.640000000000004 32.0 33.76
109 26.08 28.999999999999996 33.47
110 27.400000000000002 33.6 34.18
111 25.96 32.6 33.87
112 26.6 32.6 33.879999999999995
113 27.32 33.2 34.08
114 26.0 33.800000000000004 33.879999999999995
115 26.36 33.4 33.78
116 25.679999999999996 33.0 33.26
117 26.640000000000004 34.8 34.239999999999995
118 25.840000000000003 32.6 34.1
119 26.44 33.0 33.86
120 26.919999999999998 32.6 34.23
121 27.0 31.6 34.13
122 26.279999999999998 35.199999999999996 35.08
123 25.919999999999998 32.6 33.92
124 25.919999999999998 31.6 34.38
125 26.08 33.0 34.22
126 26.279999999999998 33.0 33.89
127 25.8 32.2 34.489999999999995
128 26.479999999999997 36.0 34.13
129 25.56 32.800000000000004 34.339999999999996
130 27.200000000000003 32.4 34.160000000000004
131 25.8 32.800000000000004 34.18
132 26.479999999999997 33.800000000000004 34.42
133 26.52 33.0 34.300000000000004
134 27.08 33.4 34.54
135 25.88 32.4 34.11
136 25.919999999999998 33.6 34.28
137 26.240000000000002 33.4 34.42
138 25.56 33.2 33.46
139 26.72 33.2 34.79
140 25.6 34.4 34.22
141 26.200000000000003 33.4 34.36
142 26.08 34.0 34.27
143 26.279999999999998 34.4 34.97
144 26.44 33.6 34.79
145 25.64 32.4 34.150000000000006
146 26.119999999999997 33.4 35.199999999999996
147 26.32 33.4 34.19
148 26.279999999999998 34.2 34.94
149 26.08 32.0 34.8
150 25.480000000000004 35.6 34.8
151 25.240000000000002 34.599999999999994 34.44
152 26.240000000000002 34.2 34.849999999999994
153 26.08 33.2 35.49
154 26.240000000000002 35.0 35.22
155 25.44 36.0 34.28
156 26.32 34.4 34.62
157 25.64 33.2 35.07
158 25.64 34.599999999999994 35.35
159 25.36 34.4 35.36
160 25.44 37.0 34.14
161 26.6 34.2 34.339999999999996
162 25.96 33.0 35.52
163 25.96 32.6 35.02
164 25.52 36.0 35.18
165 25.96 34.4 35.56
166 25.919999999999998 35.0 35.370000000000005
167 25.72 36.199999999999996 35.339999999999996
168 26.400000000000002 36.199999999999996 35.589999999999996
169 26.0 37.0 35.870000000000005
170 25.319999999999997 36.0 35.68
171 25.919999999999998 35.6 36.52
172 25.16 34.599999999999994 35.260000000000005
173 26.32 36.199999999999996 35.63
174 25.240000000000002 35.6 34.99
175 26.32 34.4 35.870000000000005
176 25.56 36.8 35.53
177 26.52 35.4 35.709999999999994
178 26.0 36.199999999999996 35.44
179 25.840000000000003 34.0 35.709999999999994
180 26.16 33.800000000000004 36.0
181 25.840000000000003 36.8 35.94
182 26.119999999999997 35.6 35.78
183 25.319999999999997 34.0 35.44
184 25.28 34.8 35.74
185 25.88 35.4 35.99
186 25.56 35.4 35.61
187 25.88 34.4 35.949999999999996
188 24.92 34.599999999999994 35.66
189 26.040000000000003 36.0 36.059999999999995
190 25.480000000000004 35.8 36.03
191 26.040000000000003 36.0 36.04
192 25.56 37.2 35.89
193 25.040000000000003 35.4 36.77
194 25.0 33.800000000000004 35.47
195 26.36 35.6 36.46
196 25.040000000000003 35.8 35.83
197 25.8 35.0 35.93
198 24.959999999999997 35.199999999999996 36.07
199 25.4 36.199999999999996 35.89
200 25.64 34.0 36.22
