0.242463, -0.932643, 0.
-0.003165, 0.804849, 0.
-0.295428, 0.743982, 0.
0.098065, 0.178981, 0.
0.126861, 0.152890, 0.
0.093310, 0.261733, 0.
0.533142, 0.513074, 0.
-0.265300, -0.889222, 0.
0.186478, 0.127383, 0.
-0.356418, -0.320179, 0.
-0.876647, 0.191709, 0.
0.044902, 0.674678, 0.
-0.683606, 0.634232, 0.
-0.465244, 0.636210, 0.
0.520010, -0.188332, 0.
0.703506, -0.169724, 0.
-0.551162, 0.614935, 0.
-0.786590, -0.217043, 0.
0.158864, 0.027772, 0.
-0.835967, -0.102558, 0.
-0.062734, -0.376489, 0.
0.355120, 0.498430, 0.
0.507165, -0.073124, 0.
0.462993, -0.470741, 0.
0.248206, -0.402080, 0.
-0.267139, 0.189622, 0.
0.396063, 0.637582, 0.
-0.159417, 0.679244, 0.
0.062178, -0.975271, 0.
0.615677, -0.320342, 0.
0.011876, -0.392467, 0.
-0.192294, 0.117054, 0.
-0.653873, 0.351807, 0.
0.108994, -0.132627, 0.
-0.305186, 0.741256, 0.
-0.022157, -0.391759, 0.
-0.285647, -0.868954, 0.
0.072818, -0.143657, 0.
-0.446711, 0.130386, 0.
0.001594, 0.796995, 0.
-0.977920, 0.097911, 0.
-0.409951, -0.047306, 0.
0.104601, 0.032999, 0.
0.610203, -0.325073, 0.
-0.059551, -0.875413, 0.
0.330017, 0.589898, 0.
0.420371, -0.826616, 0.
-0.688487, 0.600217, 0.
-0.149963, -0.427287, 0.
-0.720671, -0.315350, 0.
-0.528307, 0.745473, 0.
-0.840969, -0.169723, 0.
-0.835731, -0.131161, 0.
-0.393339, -0.842881, 0.
-0.951150, 0.025627, 0.
0.715897, 0.082715, 0.
0.513871, 0.628033, 0.
0.244546, 0.080169, 0.
-0.154800, 0.283581, 0.
0.148034, 0.009495, 0.
-0.018277, 0.811821, 0.
0.279501, -0.427521, 0.
0.651401, 0.095307, 0.
-0.179766, 0.666423, 0.
0.564979, -0.402724, 0.
-0.176384, -0.482831, 0.
-0.027394, -0.414261, 0.
-0.272257, 0.180313, 0.
0.567339, -0.734427, 0.
0.481180, -0.804643, 0.
0.368129, -0.853224, 0.
-0.138944, 0.772863, 0.
-0.488889, -0.760806, 0.
-0.872386, -0.188451, 0.
0.708753, 0.004985, 0.
-0.213262, -0.296089, 0.
-0.384738, -0.295805, 0.
0.040477, 0.296199, 0.
0.212979, -0.460042, 0.
0.344295, 0.566400, 0.
-0.521498, -0.809702, 0.
0.066641, 0.043374, 0.
0.623560, 0.169978, 0.
0.818318, -0.529781, 0.
-0.034800, -0.888829, 0.
-0.543544, 0.651472, 0.
-0.715398, 0.302520, 0.
-0.726943, 0.276245, 0.
0.844025, -0.476585, 0.
0.041312, 0.335516, 0.
-0.553856, -0.660267, 0.
-0.501296, 0.714491, 0.
-0.201901, 0.647176, 0.
0.574169, 0.055525, 0.
-0.783252, -0.118004, 0.
0.113518, -0.110218, 0.
-0.939007, 0.115001, 0.
-0.816210, -0.046428, 0.
-0.025852, -0.490164, 0.
-0.181047, -0.853964, 0.
-0.574137, 0.485887, 0.
-0.211634, -0.936260, 0.
0.270763, 0.718189, 0.
0.072269, 0.630932, 0.
0.070137, 0.800796, 0.
-0.952357, -0.265519, 0.
-0.572061, -0.634349, 0.
-0.761447, 0.365182, 0.
-0.377816, 0.049936, 0.
-0.021168, 0.227020, 0.
-0.474019, -0.837224, 0.
-0.905797, 0.273045, 0.
-0.332236, 0.109892, 0.
-0.004049, -0.055188, 0.
0.529293, -0.174357, 0.
-0.412533, 0.565041, 0.
0.638652, -0.167596, 0.
-0.782651, -0.019577, 0.
0.696930, -0.705215, 0.
-0.165307, -0.311617, 0.
-0.705341, -0.659612, 0.
-0.105455, -0.387123, 0.
-0.384378, -0.239416, 0.
0.134801, -0.392268, 0.
-0.853236, -0.337937, 0.
0.293062, -0.509811, 0.
0.555278, 0.552341, 0.
-0.809306, -0.003677, 0.
0.202339, 0.707185, 0.
-0.343027, 0.745790, 0.
-0.410508, 0.598414, 0.
-0.834175, 0.016206, 0.
-0.655482, -0.692964, 0.
0.455072, 0.388380, 0.
-0.742296, 0.235309, 0.
-0.637207, 0.455903, 0.
-0.903293, 0.347701, 0.
-0.007789, -0.904690, 0.
-0.892864, -0.368739, 0.
0.610354, 0.217182, 0.
-0.111645, -0.411060, 0.
-0.966969, 0.145503, 0.
-0.534977, 0.637664, 0.
-0.787314, -0.378814, 0.
-0.220098, 0.811965, 0.
0.144411, -0.879877, 0.
-0.618767, 0.380423, 0.
-0.098113, -0.993361, 0.
0.436164, 0.607421, 0.
0.313627, -0.869342, 0.
0.294911, 0.573992, 0.
0.276635, -0.597243, 0.
0.136013, -0.030529, 0.
0.212662, 0.213127, 0.
-0.808490, -0.294695, 0.
-0.422211, -0.105888, 0.
-0.740563, -0.646543, 0.
0.524663, 0.018338, 0.
-0.259941, -0.821972, 0.
0.222571, 0.746854, 0.
0.376910, 0.726414, 0.
-0.290546, 0.794714, 0.
0.142097, 0.231551, 0.
-0.316324, -0.459204, 0.
0.154143, 0.680049, 0.
-0.736147, -0.414495, 0.
-0.419944, 0.002895, 0.
0.663902, 0.205945, 0.
-0.687305, 0.459942, 0.
-0.352011, -0.243531, 0.
0.495171, 0.343505, 0.
-0.707530, 0.549847, 0.
-0.842494, 0.205868, 0.
0.264802, 0.526356, 0.
0.456937, -0.253989, 0.
-0.784944, -0.558920, 0.
0.229877, -0.454172, 0.
-0.007955, 0.299590, 0.
-0.264941, -0.866064, 0.
0.399923, -0.486497, 0.
-0.667257, -0.584604, 0.
0.553614, 0.592668, 0.
-0.164916, 0.255772, 0.
-0.868239, -0.491079, 0.
0.430323, 0.443948, 0.
0.592730, 0.007028, 0.
0.123556, 0.598738, 0.
0.380462, 0.427853, 0.
-0.090902, 0.211365, 0.
0.419146, 0.590205, 0.
-0.419579, 0.141712, 0.
-0.352049, -0.894388, 0.
0.028938, 0.366955, 0.
0.071650, 0.229374, 0.
0.604774, 0.437885, 0.
-0.221124, -0.438417, 0.
0.078669, 0.183731, 0.
-0.028520, 0.667527, 0.
-0.879655, -0.354647, 0.
0.636550, 0.487816, 0.
-0.303474, -0.492924, 0.
0.537728, -0.410650, 0.
0.203702, -0.382058, 0.
0.750961, -0.601541, 0.
0.192778, 0.026659, 0.
0.055187, -0.473805, 0.
0.509893, -0.233313, 0.
0.245651, 0.656166, 0.
0.186629, 0.669028, 0.
-0.324156, -0.095198, 0.
0.012655, 0.694334, 0.
-0.523915, 0.554505, 0.
0.061919, 0.680671, 0.
0.040217, -0.076848, 0.
-0.364502, -0.185354, 0.
-0.788855, -0.287414, 0.
-0.574722, 0.655435, 0.
0.349059, 0.638751, 0.
-0.520302, -0.709003, 0.
-0.211361, -0.349429, 0.
-0.397715, -0.395131, 0.
-0.725567, -0.602641, 0.
-0.593051, 0.591353, 0.
0.208488, 0.055299, 0.
-0.588480, -0.579826, 0.
-0.777747, 0.400622, 0.
0.640048, -0.710918, 0.
-0.778744, -0.351205, 0.
-0.697886, 0.630589, 0.
0.390176, -0.304114, 0.
-0.018711, -0.470756, 0.
0.447944, 0.591084, 0.
0.726368, 0.064310, 0.
-0.289835, 0.750260, 0.
-0.380196, 0.051899, 0.
-0.242786, -0.506809, 0.
0.067435, -0.628241, 0.
-0.847404, -0.313382, 0.
0.307468, -0.378163, 0.
0.219792, 0.042322, 0.
0.271974, -0.934394, 0.
-0.359098, 0.635967, 0.
-0.780254, 0.278696, 0.
0.040389, 0.817265, 0.
-0.219771, 0.313433, 0.
-0.131046, -0.483884, 0.
-0.059929, 0.777245, 0.
0.141075, -0.951258, 0.
0.245439, -0.914787, 0.
-0.858570, 0.007372, 0.
-0.521173, 0.644902, 0.
-0.618167, 0.464575, 0.
0.109471, -0.117266, 0.
-0.425655, 0.016703, 0.
-0.884275, -0.012610, 0.
0.066608, -0.511782, 0.
-0.661546, -0.609212, 0.
0.459319, -0.225193, 0.
-0.114219, 0.326132, 0.
0.458995, 0.333304, 0.
-0.399910, 0.715606, 0.
0.478477, -0.231301, 0.
-0.768868, -0.365386, 0.
-0.779422, 0.248781, 0.
0.453296, 0.545400, 0.
0.545485, -0.035000, 0.
0.560109, -0.249438, 0.
0.605180, -0.737302, 0.
-0.102561, 0.263372, 0.
-0.072932, 0.226416, 0.
0.154271, 0.828450, 0.
-0.658619, 0.594232, 0.
0.569879, -0.051491, 0.
0.588661, -0.368407, 0.
0.186705, -0.056463, 0.
-0.446235, 0.130626, 0.
-0.414794, 0.556404, 0.
-0.524860, 0.674849, 0.
-0.813385, -0.563360, 0.
0.143845, -0.392876, 0.
-0.362488, -0.342302, 0.
0.539305, 0.101144, 0.
-0.065114, -0.375544, 0.
-0.938527, 0.176036, 0.
0.639006, -0.219853, 0.
-0.357639, -0.844441, 0.
0.084890, 0.749957, 0.
0.526716, 0.520887, 0.
0.539643, -0.225254, 0.
0.149796, -0.386903, 0.
-0.687013, -0.631390, 0.
-0.701168, -0.524810, 0.
0.572534, 0.573699, 0.
0.291219, 0.520072, 0.
-0.332466, 0.244432, 0.
-0.221506, -0.859280, 0.
0.672684, -0.193896, 0.
-0.817865, 0.137028, 0.
-0.517573, -0.841470, 0.
-0.588658, 0.426040, 0.
0.457567, 0.334056, 0.
0.479425, -0.297893, 0.
-0.683448, -0.707229, 0.
-0.393990, 0.208106, 0.
-0.358771, 0.143399, 0.
0.100791, -0.011840, 0.
-0.762916, -0.330785, 0.
0.131468, -0.418507, 0.
0.159673, -0.377668, 0.
-0.108833, 0.849300, 0.
0.190434, 0.632238, 0.
0.021679, 0.356660, 0.
0.384694, -0.447184, 0.
-0.711872, -0.429794, 0.
-0.201295, 0.843088, 0.
-0.221533, 0.686806, 0.
-0.298112, -0.371687, 0.
-0.335764, 0.818461, 0.
-0.440582, -0.861806, 0.
-0.369678, 0.815050, 0.
0.487450, 0.571409, 0.
-0.827856, 0.216500, 0.
0.547879, 0.198721, 0.
-0.091229, 0.718068, 0.
0.571800, 0.236978, 0.
-0.829032, 0.458204, 0.
-0.625192, 0.395702, 0.
0.565259, 0.301519, 0.
-0.378140, 0.597821, 0.
-0.419435, 0.562189, 0.
-0.887827, 0.283604, 0.
0.525171, 0.552430, 0.
-0.010736, -0.439878, 0.
0.378332, 0.627285, 0.
0.027248, -0.044065, 0.
-0.594915, -0.730920, 0.
-0.569918, -0.609023, 0.
0.148171, 0.301635, 0.
-0.423238, 0.632695, 0.
-0.299635, 0.026741, 0.
-0.162723, -0.879822, 0.
-0.288587, -0.288845, 0.
-0.614479, 0.450014, 0.
-0.611563, -0.539477, 0.
0.706740, 0.177727, 0.
0.465590, -0.831266, 0.
0.286463, 0.581786, 0.
0.083704, 0.805582, 0.
-0.025994, -0.882528, 0.
-0.746463, 0.196755, 0.
0.421713, -0.261597, 0.
0.640941, 0.294423, 0.
-0.702357, -0.506282, 0.
-0.659412, -0.730412, 0.
-0.031365, 0.854765, 0.
0.043475, 0.678263, 0.
-0.432756, 0.667060, 0.
0.104126, 0.051135, 0.
-0.092303, 0.662728, 0.
0.473007, -0.174062, 0.
-0.377482, -0.339277, 0.
-0.881667, -0.175503, 0.
0.314783, 0.552529, 0.
0.097948, 0.211322, 0.
0.559044, -0.142757, 0.
-0.014625, 0.191547, 0.
-0.214665, 0.118349, 0.
0.660397, -0.708005, 0.
0.564837, -0.786730, 0.
-0.340116, -0.331529, 0.
-0.004718, 0.710983, 0.
0.059832, -0.400152, 0.
0.637097, -0.305791, 0.
-0.309881, -0.164606, 0.
-0.502016, 0.616756, 0.
-0.188084, 0.864051, 0.
-0.223034, -0.526578, 0.
0.255575, -0.544495, 0.
0.665674, -0.013797, 0.
0.118038, -0.127678, 0.
-0.810848, 0.072430, 0.
-0.673275, 0.261263, 0.
-0.241352, -0.397976, 0.
0.441113, -0.212455, 0.
-0.729078, 0.386754, 0.
0.167408, -0.381049, 0.
-0.289751, 0.156173, 0.
0.804991, -0.519233, 0.
-0.748487, 0.175590, 0.
-0.032557, 0.819511, 0.
-0.484963, -0.767186, 0.
-0.093676, -0.412163, 0.
0.503122, -0.024621, 0.
0.411054, 0.587787, 0.
0.116907, 0.849314, 0.
0.427652, -0.457404, 0.
0.559660, 0.205754, 0.
0.107264, 0.791128, 0.
0.488361, -0.115236, 0.
-0.996370, 0.015721, 0.
0.220864, 0.055948, 0.
-0.416067, -0.841532, 0.
-0.616210, -0.639223, 0.
-0.809531, 0.211694, 0.
-0.052025, -0.380890, 0.
0.381812, -0.893693, 0.
-0.295857, -0.462100, 0.
0.512761, -0.021688, 0.
0.115228, 0.642829, 0.
0.666738, -0.130026, 0.
0.645440, -0.096511, 0.
-0.056000, 0.807008, 0.
0.009840, -0.617837, 0.
-0.226322, 0.198953, 0.
0.254543, 0.108138, 0.
-0.741574, 0.373116, 0.
0.536001, 0.568594, 0.
0.121679, -0.942641, 0.
0.682588, 0.248293, 0.
-0.934244, 0.160930, 0.
0.452215, 0.381164, 0.
0.229908, 0.061507, 0.
-0.253358, -0.193300, 0.
-0.787168, 0.069353, 0.
0.649972, 0.085822, 0.
0.539132, -0.814147, 0.
-0.156318, 0.764483, 0.
0.541319, -0.046287, 0.
0.060610, 0.665345, 0.
0.451379, 0.331188, 0.
0.025754, 0.841226, 0.
0.484463, 0.368631, 0.
-0.422158, 0.784863, 0.
0.204437, -0.023485, 0.
-0.431678, 0.794591, 0.
0.685916, 0.189647, 0.
0.352065, -0.846888, 0.
-0.324109, 0.703327, 0.
-0.259192, -0.247047, 0.
0.267693, -0.880579, 0.
0.114362, 0.074935, 0.
-0.567346, 0.613776, 0.
-0.918563, -0.286508, 0.
0.664127, -0.012667, 0.
-0.353298, 0.120424, 0.
-0.750394, 0.131523, 0.
0.510812, -0.780287, 0.
-0.290500, -0.439867, 0.
-0.782210, -0.595921, 0.
-0.827020, 0.282974, 0.
-0.165268, 0.334247, 0.
0.247517, 0.017179, 0.
-0.678089, -0.641841, 0.
-0.159603, -0.454496, 0.
-0.720497, 0.608879, 0.
-0.566346, -0.584340, 0.
0.250528, 0.630356, 0.
-0.306350, -0.826514, 0.
0.406603, -0.218357, 0.
-0.839429, -0.284288, 0.
-0.034802, -0.917504, 0.
0.184725, 0.667552, 0.
-0.630901, 0.452085, 0.
0.189656, -0.455377, 0.
0.481608, 0.379041, 0.
0.536186, -0.328877, 0.
0.561446, 0.230274, 0.
0.206976, 0.645614, 0.
0.493465, -0.341124, 0.
-0.111879, -0.356849, 0.
0.205358, -0.554870, 0.
0.301273, -0.497315, 0.
-0.175245, 0.650435, 0.
0.987438, -0.125562, 0.
0.844382, -0.475794, 0.
0.413315, 0.587580, 0.
0.179155, -0.934056, 0.
-0.672302, 0.623588, 0.
0.059775, 0.637705, 0.
-0.360319, 0.114522, 0.
0.064266, 0.119029, 0.
0.042930, -0.467992, 0.
0.457281, -0.470302, 0.
-0.359507, -0.225818, 0.
0.042145, 0.334855, 0.
0.501096, -0.073459, 0.
0.340077, -0.332304, 0.
-0.755666, -0.482089, 0.
-0.466247, -0.215732, 0.
0.192504, -0.584967, 0.
0.465826, -0.865066, 0.
0.585308, -0.736344, 0.
-0.260251, -0.045228, 0.
0.434206, -0.306437, 0.
-0.290906, 0.741330, 0.
-0.296149, 0.620811, 0.
-0.030160, -0.897306, 0.
-0.647684, 0.382896, 0.
-0.659051, -0.666337, 0.
0.866871, -0.495859, 0.
-0.684322, 0.592064, 0.
0.799396, -0.548974, 0.
-0.610302, 0.655395, 0.
-0.772164, 0.240950, 0.
0.309247, -0.490589, 0.
0.671287, 0.314881, 0.
0.641776, 0.337293, 0.
0.449241, 0.390184, 0.
0.630216, 0.038363, 0.
-0.869416, -0.271586, 0.
-0.625299, 0.594166, 0.
0.144882, -0.976387, 0.
-0.196617, -0.543929, 0.
0.191383, 0.574286, 0.
0.023842, 0.707390, 0.
-0.890682, 0.301339, 0.
-0.066265, 0.292260, 0.
0.092793, -0.424081, 0.
0.562726, -0.260625, 0.
-0.331399, 0.174128, 0.
0.568126, 0.494970, 0.
0.631646, 0.070356, 0.
0.480583, -0.849741, 0.
-0.015030, -0.610461, 0.
-0.010313, 0.667968, 0.
-0.116726, 0.188694, 0.
0.141452, -0.614810, 0.
-0.266453, -0.276250, 0.
0.681384, 0.027366, 0.
-0.065167, 0.734817, 0.
0.074797, -0.884061, 0.
-0.413043, -0.021566, 0.
-0.467155, 0.520422, 0.
0.527034, -0.135863, 0.
0.544515, -0.337264, 0.
-0.397537, 0.592491, 0.
-0.677964, -0.539850, 0.
0.754532, -0.587486, 0.
0.122413, -0.600222, 0.
-0.450249, 0.663050, 0.
-0.116170, -0.471927, 0.
0.321221, 0.763244, 0.
-0.152658, 0.278274, 0.
0.349799, -0.933993, 0.
0.431637, 0.526472, 0.
-0.708424, -0.476203, 0.
0.452940, 0.563847, 0.
0.581687, 0.418143, 0.
-0.277264, 0.024037, 0.
-0.732757, 0.553255, 0.
0.041666, 0.288706, 0.
0.502898, 0.203414, 0.
-0.282552, -0.847266, 0.
0.004992, -0.099091, 0.
0.577164, 0.401448, 0.
-0.870493, -0.376279, 0.
-0.119195, 0.693535, 0.
0.241273, -0.929956, 0.
0.231961, 0.568783, 0.
0.750167, 0.049553, 0.
-0.793272, -0.530232, 0.
0.670425, -0.161085, 0.
-0.788130, -0.108817, 0.
0.450869, -0.250254, 0.
0.671700, -0.740281, 0.
0.095047, -0.545472, 0.
0.257441, 0.804152, 0.
0.645830, 0.469844, 0.
0.676502, -0.031318, 0.
-0.356994, 0.003345, 0.
-0.895237, -0.242321, 0.
0.610536, -0.715679, 0.
-0.420663, -0.077810, 0.
0.373449, 0.557347, 0.
-0.668918, -0.501733, 0.
-0.333566, -0.250280, 0.
-0.332741, -0.384724, 0.
-0.057022, -0.375410, 0.
0.873300, -0.453834, 0.
-0.798264, -0.422868, 0.
0.856161, -0.502806, 0.
-0.665892, 0.350164, 0.
0.115684, 0.294451, 0.
0.058516, -0.519491, 0.
0.716602, -0.076849, 0.
-0.113951, 0.819595, 0.
-0.051670, -0.417463, 0.
-0.295908, 0.671239, 0.
0.023851, 0.864262, 0.
-0.347257, -0.345583, 0.
-0.213871, -0.528222, 0.
0.179091, -0.012013, 0.
0.101986, 0.080140, 0.
-0.805840, 0.245375, 0.
0.025867, 0.748105, 0.
0.152503, -0.886521, 0.
0.111502, 0.010102, 0.
-0.213297, -0.889531, 0.
-0.353316, -0.187778, 0.
-0.392589, -0.242286, 0.
0.016949, 0.867671, 0.
0.601058, -0.011251, 0.
-0.035207, 0.274900, 0.
0.250815, -0.552623, 0.
0.505996, 0.279574, 0.
-0.420657, 0.024997, 0.
0.129887, -0.981830, 0.
0.383692, 0.710376, 0.
-0.487220, -0.709612, 0.
-0.074909, -0.990354, 0.
-0.239440, -0.273782, 0.
0.545964, 0.015313, 0.
-0.626724, 0.646665, 0.
0.506907, -0.410295, 0.
-0.164417, 0.642587, 0.
-0.037922, 0.648968, 0.
-0.800368, 0.208204, 0.
-0.342081, 0.650851, 0.
-0.271336, -0.347926, 0.
0.415391, -0.528383, 0.
-0.272230, 0.638296, 0.
-0.378996, 0.222424, 0.
0.601875, -0.292847, 0.
0.123528, 0.131207, 0.
-0.739207, 0.148164, 0.
0.196589, 0.076569, 0.
0.517865, -0.235759, 0.
-0.405676, -0.189590, 0.
-0.441888, -0.807258, 0.
0.217969, -0.602625, 0.
-0.641609, 0.485209, 0.
-0.377959, -0.361963, 0.
-0.440225, -0.858871, 0.
-0.565675, 0.696542, 0.
0.492408, -0.098812, 0.
0.260703, -0.368672, 0.
0.074271, 0.266648, 0.
0.471733, 0.413712, 0.
0.083071, 0.180957, 0.
0.201527, -0.941596, 0.
-0.629411, -0.514522, 0.
0.432659, -0.294225, 0.
0.513738, 0.392368, 0.
-0.038306, 0.187345, 0.
0.707909, -0.169117, 0.
-0.355235, -0.426957, 0.
0.136585, -0.419278, 0.
-0.768976, -0.175485, 0.
0.631516, -0.113185, 0.
-0.299234, 0.776577, 0.
0.810937, -0.582086, 0.
0.109602, 0.079439, 0.
-0.770848, 0.350114, 0.
0.367324, -0.387239, 0.
-0.331375, 0.578876, 0.
0.510044, 0.309443, 0.
0.337542, -0.928712, 0.
-0.856168, 0.381795, 0.
-0.850142, -0.344909, 0.
0.668371, -0.680633, 0.
0.059589, -0.480305, 0.
0.666144, -0.125380, 0.
0.431815, -0.477046, 0.
0.283909, -0.341638, 0.
0.083068, 0.129005, 0.
0.195246, -0.503993, 0.
0.619221, -0.746598, 0.
-0.078574, -0.594712, 0.
0.502754, -0.213494, 0.
-0.199115, -0.527015, 0.
-0.281412, 0.302044, 0.
-0.410187, -0.013240, 0.
-0.524034, 0.553303, 0.
0.661971, -0.246722, 0.
-0.648864, 0.543035, 0.
-0.134855, -0.508234, 0.
-0.729601, -0.396796, 0.
-0.558973, -0.654612, 0.
-0.065761, 0.749638, 0.
-0.673729, 0.631273, 0.
-0.600791, 0.497483, 0.
-0.809888, 0.206960, 0.
-0.180006, 0.640006, 0.
-0.044054, -0.421983, 0.
-0.275708, 0.173048, 0.
-0.019092, -0.885123, 0.
-0.266604, -0.813105, 0.
0.138221, -0.912423, 0.
0.066258, -0.401172, 0.
-0.492258, 0.620358, 0.
0.455860, -0.362203, 0.
-0.760960, 0.546869, 0.
-0.774091, -0.146241, 0.
-0.087781, 0.668811, 0.
-0.585906, 0.671195, 0.
-0.342553, 0.703580, 0.
0.542866, -0.052410, 0.
-0.852875, -0.265942, 0.
0.619979, -0.017431, 0.
-0.256694, -0.254209, 0.
-0.486660, 0.698044, 0.
0.481569, -0.263692, 0.
0.402758, -0.846448, 0.
-0.170986, 0.237280, 0.
-0.043060, 0.288035, 0.
0.430872, -0.341676, 0.
0.325550, -0.486005, 0.
0.370006, 0.696185, 0.
-0.753884, -0.521902, 0.
0.392846, 0.563005, 0.
-0.110510, 0.662365, 0.
-0.022548, -0.962966, 0.
-0.187527, 0.238742, 0.
0.499089, 0.184480, 0.
-0.176288, -0.866482, 0.
-0.850249, -0.127787, 0.
-0.176824, 0.120342, 0.
0.589872, -0.021991, 0.
-0.191310, 0.658586, 0.
-0.400181, 0.159031, 0.
0.688524, 0.016782, 0.
-0.434861, -0.712011, 0.
-0.021833, -0.948284, 0.
0.663848, -0.707800, 0.
-0.071240, 0.661494, 0.
0.159580, 0.066105, 0.
-0.284594, 0.834778, 0.
0.116234, -0.454859, 0.
-0.807409, -0.116622, 0.
-0.072052, -0.972542, 0.
0.479703, 0.373432, 0.
0.276161, -0.558570, 0.
-0.189227, -0.336521, 0.
-0.847384, 0.020068, 0.
-0.445011, 0.702755, 0.
-0.805115, 0.425241, 0.
0.188500, 0.111153, 0.
-0.478727, 0.043395, 0.
0.165976, -0.448888, 0.
-0.452756, 0.534831, 0.
0.077461, -0.116384, 0.
-0.178339, 0.657281, 0.
0.024910, 0.669534, 0.
0.210518, 0.183481, 0.
0.412513, -0.895673, 0.
-0.708186, -0.477085, 0.
-0.368075, -0.228617, 0.
-0.373902, -0.178885, 0.
-0.098792, -0.401641, 0.
-0.373662, -0.141511, 0.
-0.771196, 0.504098, 0.
0.374941, -0.361127, 0.
0.069577, -0.616862, 0.
0.519694, 0.491286, 0.
-0.947949, -0.178963, 0.
0.320626, 0.758765, 0.
0.657361, 0.270047, 0.
0.681014, -0.204976, 0.
-0.091680, -0.869252, 0.
-0.125973, 0.772747, 0.
-0.261319, 0.005667, 0.
-0.753141, -0.039062, 0.
-0.349982, -0.147766, 0.
0.503957, 0.000750, 0.
-0.554570, -0.656886, 0.
-0.275740, -0.355012, 0.
-0.379269, -0.372218, 0.
0.134321, -0.465278, 0.
0.076765, 0.193744, 0.
0.260881, 0.626057, 0.
0.095722, 0.799571, 0.
0.044688, -0.934640, 0.
0.018816, 0.238263, 0.
0.081290, 0.235985, 0.
-0.716698, 0.463506, 0.
-0.767452, -0.557696, 0.
-0.416513, -0.339287, 0.
-0.403237, 0.798405, 0.
-0.430067, -0.127800, 0.
0.073031, -0.561465, 0.
-0.548775, 0.731198, 0.
-0.759806, -0.057431, 0.
-0.186577, 0.196318, 0.
-0.814426, -0.056798, 0.
-0.608876, 0.620161, 0.
-0.888537, 0.363370, 0.
0.317996, 0.563790, 0.
-0.378467, -0.900782, 0.
0.550598, -0.091447, 0.
-0.954956, 0.046295, 0.
0.080797, -0.040589, 0.
-0.238810, 0.323529, 0.
-0.498293, -0.809982, 0.
0.631073, 0.446380, 0.
0.122634, -0.885686, 0.
-0.431736, -0.185224, 0.
-0.850619, -0.356184, 0.
-0.377363, -0.347936, 0.
0.243508, 0.638714, 0.
-0.906298, -0.143354, 0.
0.602585, -0.354300, 0.
-0.256456, -0.261649, 0.
0.720185, 0.150459, 0.
-0.468735, -0.033291, 0.
0.481333, -0.229517, 0.
0.581690, 0.460546, 0.
0.495458, -0.837377, 0.
0.211671, -0.450590, 0.
-0.530216, 0.663855, 0.
0.604998, 0.204544, 0.
-0.225753, -0.223997, 0.
-0.717176, 0.420925, 0.
-0.978872, 0.100797, 0.
0.713630, -0.019322, 0.
-0.044088, -0.980395, 0.
-0.170070, -0.364809, 0.
0.662844, 0.423135, 0.
-0.377239, -0.262568, 0.
-0.355264, -0.917185, 0.
0.274715, -0.863110, 0.
-0.281618, 0.840394, 0.
0.408909, 0.525771, 0.
0.632856, 0.411294, 0.
0.024047, 0.151353, 0.
-0.241163, 0.777026, 0.
0.640800, -0.070816, 0.
-0.196177, 0.847451, 0.
0.381433, 0.741747, 0.
0.544070, 0.177784, 0.
0.526360, 0.529629, 0.
-0.531012, -0.722712, 0.
-0.616495, 0.571978, 0.
-0.761249, -0.320084, 0.
0.347748, 0.594467, 0.
-0.798955, -0.040659, 0.
-0.185025, 0.286725, 0.
0.032461, -0.424730, 0.
-0.882982, -0.279299, 0.
-0.177212, -0.401998, 0.
-0.372011, -0.385402, 0.
0.547580, -0.814929, 0.
0.710788, 0.217019, 0.
0.381007, -0.409113, 0.
0.045497, 0.662158, 0.
-0.355093, -0.043577, 0.
0.528502, 0.541477, 0.
0.607385, 0.315360, 0.
0.250731, 0.034310, 0.
0.652843, 0.330645, 0.
-0.845020, -0.247130, 0.
0.488396, 0.476594, 0.
0.123636, -0.045093, 0.
0.126606, -0.125786, 0.
-0.085466, -0.430174, 0.
-0.574325, -0.674651, 0.
-0.863701, -0.225490, 0.
0.188291, 0.604721, 0.
-0.455370, 0.596733, 0.
-0.700096, -0.509525, 0.
0.414563, -0.432491, 0.
-0.880096, 0.233281, 0.
-0.912369, -0.190976, 0.
0.393477, -0.830386, 0.
0.536443, -0.000582, 0.
0.219801, 0.197660, 0.
0.075935, 0.238592, 0.
-0.351873, 0.065796, 0.
0.185636, -0.015304, 0.
0.350159, -0.869480, 0.
0.651709, -0.722776, 0.
0.305141, 0.506301, 0.
-0.888445, -0.094538, 0.
-0.895720, -0.373856, 0.
0.597726, -0.017517, 0.
-0.401848, 0.140880, 0.
-0.232385, 0.304431, 0.
0.569429, 0.390897, 0.
0.100311, -0.066943, 0.
0.596405, -0.223478, 0.
0.011871, -0.485522, 0.
-0.022879, -0.521848, 0.
-0.703490, 0.442176, 0.
-0.440485, 0.775079, 0.
-0.776361, -0.299995, 0.
-0.013197, 0.198762, 0.
0.594189, 0.534478, 0.
-0.755633, 0.072378, 0.
-0.280250, -0.157265, 0.
-0.315066, 0.681353, 0.
-0.498676, 0.753941, 0.
-0.078401, 0.319765, 0.
-0.801229, -0.255099, 0.
0.123822, -0.924766, 0.
-0.546488, -0.817459, 0.
-0.219979, 0.819256, 0.
-0.187053, 0.195640, 0.
0.117976, 0.825013, 0.
-0.397234, -0.313528, 0.
0.530833, -0.284351, 0.
-0.709738, -0.573409, 0.
0.039711, -0.582984, 0.
-0.212718, 0.843279, 0.
-0.354783, -0.830041, 0.
0.629034, 0.178653, 0.
0.462159, -0.497505, 0.
0.436633, 0.492848, 0.
-0.234025, 0.745546, 0.
-0.480277, -0.018196, 0.
0.068874, -0.431987, 0.
-0.218821, 0.278991, 0.
-0.990540, 0.000487, 0.
-0.754444, 0.064197, 0.
0.677225, 0.120373, 0.
-0.894856, 0.162905, 0.
0.022388, 0.269787, 0.
-0.129373, -0.377091, 0.
0.225121, -0.385351, 0.
-0.593053, 0.560360, 0.
-0.869890, -0.241381, 0.
0.617612, 0.207207, 0.
0.526992, -0.843837, 0.
-0.363800, -0.394710, 0.
0.521924, -0.021954, 0.
-0.530781, -0.844401, 0.
0.145193, 0.255760, 0.
0.538301, -0.782525, 0.
0.095280, -0.625009, 0.
-0.214933, -0.374347, 0.
-0.080238, -0.560490, 0.
0.108449, 0.703540, 0.
-0.719961, -0.383471, 0.
-0.049767, -0.439998, 0.
0.954230, -0.255807, 0.
0.035363, 0.351488, 0.
-0.591933, -0.616721, 0.
-0.394591, 0.114594, 0.
-0.013383, -0.928530, 0.
0.198652, 0.737414, 0.
-0.279608, 0.634437, 0.
-0.234658, 0.097348, 0.
0.133760, 0.104793, 0.
-0.751866, -0.614126, 0.
0.386127, -0.356163, 0.
0.390055, -0.350788, 0.
0.385290, -0.431012, 0.
0.535836, -0.212006, 0.
-0.174796, 0.211318, 0.
0.007970, -0.051964, 0.
-0.044885, -0.378544, 0.
0.199776, -0.366334, 0.
-0.971630, -0.185074, 0.
-0.444348, -0.159164, 0.
-0.414120, -0.113456, 0.
0.482249, -0.847399, 0.
-0.227715, 0.800707, 0.
-0.509151, 0.691812, 0.
0.562616, -0.119310, 0.
-0.251704, -0.396243, 0.
0.342660, -0.906911, 0.
-0.459182, 0.536320, 0.
-0.325702, -0.073938, 0.
-0.581584, -0.685932, 0.
-0.464086, 0.101924, 0.
0.628306, -0.055699, 0.
-0.436795, 0.794548, 0.
-0.920454, -0.066529, 0.
0.530086, -0.847693, 0.
-0.503210, 0.556597, 0.
-0.298877, 0.776491, 0.
0.026902, 0.148096, 0.
-0.398575, -0.849433, 0.
-0.812013, 0.504065, 0.
-0.412080, 0.163741, 0.
0.634402, 0.388610, 0.
-0.635495, -0.763766, 0.
-0.623473, -0.703160, 0.
0.242525, 0.124464, 0.
0.109780, -0.927100, 0.
0.231898, -0.496605, 0.
0.560992, 0.585366, 0.
0.253989, 0.788419, 0.
0.165621, -0.401640, 0.
-0.357493, -0.384441, 0.
-0.086772, -0.371165, 0.
-0.176738, -0.439575, 0.
-0.449025, -0.764650, 0.
0.535290, 0.610731, 0.
0.554194, 0.330299, 0.
-0.385311, 0.074975, 0.
0.099805, -0.579012, 0.
0.291823, 0.670372, 0.
-0.946767, -0.311364, 0.
0.533224, -0.105196, 0.
-0.031092, -0.556102, 0.
-0.672200, 0.326527, 0.
-0.057266, -0.467365, 0.
0.108133, -0.602691, 0.
-0.112997, 0.854746, 0.
0.506931, -0.006360, 0.
-0.598650, 0.488685, 0.
-0.668176, -0.041809, 1.
-0.682573, -0.008352, 1.
0.528194, -0.642005, 1.
-0.185080, -0.645583, 1.
0.264351, 0.950320, 1.
0.036486, -0.784348, 1.
0.672083, -0.301292, 1.
-0.519522, 0.393388, 1.
0.188996, 0.459682, 1.
-0.247365, 0.532276, 1.
0.734322, -0.253164, 1.
-0.104618, -0.312682, 1.
0.755400, 0.013279, 1.
-0.665932, -0.310992, 1.
-0.283843, -0.550993, 1.
-0.538348, -0.020757, 1.
-0.332042, -0.634808, 1.
0.781224, 0.029329, 1.
-0.480373, 0.372687, 1.
-0.249395, 0.419152, 1.
0.684450, -0.441534, 1.
0.469220, 0.175094, 1.
-0.313889, 0.459903, 1.
-0.409690, 0.344822, 1.
0.347838, 0.112876, 1.
0.268249, 0.458769, 1.
0.524633, -0.493194, 1.
0.743766, 0.473947, 1.
-0.366221, 0.929051, 1.
0.556003, 0.747781, 1.
-0.050932, -0.010366, 1.
-0.229592, -0.745117, 1.
0.010767, 0.962085, 1.
0.756697, -0.192599, 1.
0.777176, -0.001621, 1.
-0.166714, 0.032525, 1.
0.744310, -0.387139, 1.
-0.015749, -0.686955, 1.
0.342617, 0.364344, 1.
0.140807, 0.541019, 1.
-0.009679, -0.669888, 1.
-0.187074, -0.150192, 1.
0.972220, 0.095230, 1.
0.525658, 0.737810, 1.
0.377424, -0.638346, 1.
-0.679961, -0.103751, 1.
-0.022026, -0.183768, 1.
-0.581780, 0.015754, 1.
-0.638562, -0.318002, 1.
-0.655343, -0.350578, 1.
-0.295513, -0.684455, 1.
0.357338, -0.224526, 1.
0.385040, -0.627339, 1.
-0.281735, 0.887715, 1.
-0.175253, 0.528359, 1.
0.181064, -0.862518, 1.
0.755319, 0.642960, 1.
0.227118, -0.825473, 1.
0.337007, 0.070259, 1.
0.849066, 0.256792, 1.
0.379253, 0.112429, 1.
-0.399661, 0.902213, 1.
-0.291710, -0.767531, 1.
0.957922, -0.204485, 1.
0.485958, -0.511792, 1.
-0.639451, 0.753074, 1.
0.909169, 0.407649, 1.
-0.635323, 0.130519, 1.
0.316523, -0.203131, 1.
-0.022860, -0.211924, 1.
0.192920, 0.412934, 1.
-0.708882, -0.172921, 1.
-0.109288, -0.803637, 1.
0.912933, -0.328364, 1.
0.451432, -0.790161, 1.
0.135684, 0.446199, 1.
-0.171708, 0.102870, 1.
0.243400, 0.820210, 1.
0.172644, -0.368815, 1.
-0.434729, -0.485972, 1.
0.101616, -0.142183, 1.
0.325830, 0.218911, 1.
-0.599386, 0.114162, 1.
-0.682209, 0.110068, 1.
-0.542068, -0.543947, 1.
-0.606546, -0.222886, 1.
-0.047889, -0.866953, 1.
-0.710060, 0.013905, 1.
-0.556927, -0.273309, 1.
0.864989, -0.131030, 1.
0.957333, -0.112074, 1.
0.377035, 0.820406, 1.
0.304151, -0.134313, 1.
0.834564, 0.513396, 1.
0.041868, -0.321193, 1.
-0.283519, 0.892920, 1.
0.268711, 0.218254, 1.
-0.601323, -0.443409, 1.
-0.293361, -0.519335, 1.
-0.440240, 0.887101, 1.
0.189620, 0.941883, 1.
0.054926, -0.864899, 1.
0.119671, -0.687785, 1.
0.160986, -0.306290, 1.
0.188644, 0.543370, 1.
0.418273, -0.084785, 1.
-0.332936, 0.346029, 1.
0.230756, 0.313654, 1.
-0.329418, -0.523982, 1.
-0.567999, -0.365822, 1.
0.852372, -0.177082, 1.
0.104891, 0.910643, 1.
-0.060540, 0.510520, 1.
0.312063, 0.834840, 1.
-0.676702, 0.671927, 1.
0.793480, 0.017083, 1.
-0.111750, -0.182700, 1.
0.775287, 0.255393, 1.
0.384249, 0.080700, 1.
0.323246, 0.798669, 1.
-0.140334, -0.598272, 1.
0.842007, -0.396366, 1.
0.269064, 0.156120, 1.
-0.089297, -0.816133, 1.
-0.033623, 0.903574, 1.
-0.313980, 0.946252, 1.
-0.344068, -0.746912, 1.
0.645170, -0.636118, 1.
0.765365, -0.504078, 1.
-0.041303, -0.182964, 1.
-0.572964, 0.193671, 1.
-0.200599, 0.530847, 1.
-0.056401, 0.074076, 1.
0.805148, 0.121024, 1.
0.724788, -0.491031, 1.
-0.757268, 0.592509, 1.
-0.457103, -0.528192, 1.
-0.092750, -0.848786, 1.
-0.100237, -0.686113, 1.
0.294514, -0.103654, 1.
-0.120550, -0.083955, 1.
0.903217, 0.373846, 1.
0.272886, 0.392564, 1.
-0.174781, 0.453215, 1.
-0.810346, 0.517520, 1.
0.305784, -0.685232, 1.
0.754568, 0.025882, 1.
0.229302, -0.125248, 1.
-0.015227, 0.082773, 1.
0.835747, 0.393564, 1.
-0.665435, 0.032027, 1.
0.946386, -0.086317, 1.
0.753939, -0.541986, 1.
0.710558, 0.350558, 1.
-0.170405, -0.000076, 1.
-0.983629, 0.146874, 1.
-0.578665, 0.383212, 1.
-0.446815, 0.381850, 1.
-0.399755, -0.678823, 1.
-0.139862, -0.665746, 1.
0.808708, -0.043581, 1.
0.091655, 0.441901, 1.
0.078563, 0.403029, 1.
0.290429, -0.753106, 1.
-0.001778, 0.119572, 1.
0.864277, -0.092759, 1.
-0.596997, 0.278667, 1.
0.626962, -0.643008, 1.
0.963995, -0.131083, 1.
0.786343, 0.062634, 1.
0.146918, -0.746211, 1.
0.426219, -0.540550, 1.
-0.453292, -0.481866, 1.
-0.721721, 0.039005, 1.
0.950566, 0.157633, 1.
-0.668170, 0.071971, 1.
-0.227051, -0.052508, 1.
0.328911, 0.012602, 1.
-0.196589, -0.067804, 1.
0.463267, 0.135046, 1.
0.338178, -0.241914, 1.
0.152012, 0.870778, 1.
0.853360, 0.419908, 1.
0.801839, 0.515469, 1.
-0.517409, -0.088999, 1.
0.835486, 0.017512, 1.
-0.720657, -0.086585, 1.
0.227362, -0.731859, 1.
0.539623, -0.553148, 1.
-0.292940, 0.552431, 1.
-0.540047, -0.565514, 1.
-0.594736, 0.272152, 1.
-0.292409, -0.516163, 1.
0.844066, 0.216472, 1.
0.238604, 0.209217, 1.
0.314947, -0.694092, 1.
0.399548, -0.797071, 1.
-0.308628, 0.883663, 1.
-0.476537, 0.843077, 1.
-0.407316, 0.242791, 1.
0.590081, -0.505369, 1.
0.268869, 0.884807, 1.
0.091921, 0.912621, 1.
0.419782, -0.723717, 1.
-0.113758, 0.075506, 1.
0.390921, 0.206635, 1.
-0.505283, -0.290922, 1.
0.468581, -0.551822, 1.
-0.317413, -0.757803, 1.
0.160844, -0.699421, 1.
0.925459, 0.197713, 1.
0.201717, 0.265055, 1.
-0.447224, -0.488246, 1.
0.298951, 0.463769, 1.
-0.823196, 0.541551, 1.
-0.153858, 0.116467, 1.
-0.476488, -0.331836, 1.
-0.678411, -0.052132, 1.
-0.177871, 0.516427, 1.
-0.409301, 0.881953, 1.
-0.399693, 0.367672, 1.
-0.196122, -0.227363, 1.
0.717349, 0.480231, 1.
0.585322, -0.489955, 1.
-0.667571, 0.142191, 1.
-0.188054, -0.627689, 1.
0.434717, 0.292582, 1.
-0.583110, -0.330283, 1.
0.927017, 0.366901, 1.
0.191184, -0.765304, 1.
-0.465737, 0.360356, 1.
0.211569, -0.166741, 1.
0.006061, -0.134474, 1.
-0.110083, -0.164407, 1.
-0.403087, -0.677184, 1.
0.742089, 0.286496, 1.
0.240868, 0.265517, 1.
0.606136, -0.680378, 1.
0.878782, -0.318700, 1.
-0.456629, -0.556972, 1.
0.969239, -0.000358, 1.
-0.019409, -0.212079, 1.
-0.409801, 0.469185, 1.
-0.404871, -0.670429, 1.
0.091822, -0.752173, 1.
0.227639, -0.065433, 1.
-0.236037, 0.932923, 1.
-0.359284, -0.482998, 1.
0.256868, -0.821281, 1.
0.873423, -0.386389, 1.
-0.009342, 0.991191, 1.
0.953175, 0.005915, 1.
-0.584034, 0.140682, 1.
0.437010, 0.820233, 1.
-0.342695, 0.323456, 1.
-0.300654, 0.906417, 1.
0.165343, 0.925893, 1.
-0.492165, 0.185022, 1.
-0.014154, 0.107684, 1.
-0.150536, -0.052797, 1.
-0.044432, -0.772393, 1.
0.388294, 0.059588, 1.
-0.496552, 0.443405, 1.
-0.696385, -0.138543, 1.
-0.491951, -0.225320, 1.
-0.112340, -0.095375, 1.
-0.015653, 0.914774, 1.
0.519504, -0.690806, 1.
-0.371079, -0.724493, 1.
-0.323165, 0.564028, 1.
0.367036, 0.769365, 1.
0.719206, -0.308396, 1.
0.303830, 0.466431, 1.
0.010063, -0.864326, 1.
-0.540352, 0.300482, 1.
-0.592134, 0.010443, 1.
0.017999, 0.516948, 1.
0.339343, -0.653873, 1.
-0.402159, 0.908529, 1.
-0.346799, -0.656144, 1.
-0.231693, -0.070186, 1.
0.703193, 0.570518, 1.
0.689089, -0.475478, 1.
-0.348752, 0.524008, 1.
-0.256805, -0.116869, 1.
0.210488, -0.330539, 1.
-0.347507, -0.545119, 1.
0.257447, 0.908086, 1.
0.423825, -0.777652, 1.
-0.002157, -0.248980, 1.
0.452594, 0.753300, 1.
-0.812008, 0.578431, 1.
0.600503, 0.660077, 1.
0.914507, 0.122729, 1.
0.422250, 0.761534, 1.
-0.442171, 0.436391, 1.
0.424717, 0.222524, 1.
-0.046646, 0.023646, 1.
0.834201, 0.409000, 1.
0.069601, -0.223055, 1.
-0.228687, 0.463960, 1.
-0.076059, -0.318794, 1.
0.025069, -0.670690, 1.
0.588290, -0.616980, 1.
0.754818, 0.233479, 1.
-0.036183, -0.119794, 1.
0.849914, 0.508313, 1.
-0.041806, -0.639356, 1.
0.343314, 0.072342, 1.
-0.146934, 0.484983, 1.
0.207820, 0.838343, 1.
-0.424799, 0.405561, 1.
0.261611, 0.897005, 1.
-0.030233, -0.118955, 1.
0.720265, -0.514425, 1.
-0.600583, 0.009613, 1.
-0.356546, -0.463633, 1.
-0.140178, 0.031795, 1.
0.378788, 0.283368, 1.
-0.616556, -0.456281, 1.
0.676893, 0.542519, 1.
-0.571738, 0.802505, 1.
-0.177746, 0.620734, 1.
0.681948, -0.492647, 1.
0.079157, 0.394328, 1.
-0.524206, -0.322590, 1.
-0.654476, 0.216298, 1.
0.725093, 0.633942, 1.
0.658693, 0.648063, 1.
-0.005971, -0.351170, 1.
-0.117138, -0.739380, 1.
-0.632467, 0.133555, 1.
0.900675, -0.352463, 1.
0.416840, -0.172706, 1.
-0.144383, -0.653342, 1.
-0.627240, -0.020866, 1.
0.016572, 0.528813, 1.
0.866656, -0.120063, 1.
0.571509, -0.640635, 1.
-0.456516, -0.657591, 1.
-0.124957, -0.144715, 1.
0.795129, -0.272906, 1.
-0.726734, -0.225697, 1.
0.199491, 0.849861, 1.
-0.781545, 0.572949, 1.
0.000551, -0.736013, 1.
0.116006, -0.281515, 1.
-0.553963, -0.460426, 1.
0.292149, 0.143289, 1.
0.258338, -0.111774, 1.
-0.578714, -0.444380, 1.
-0.555992, -0.559541, 1.
-0.202188, -0.170424, 1.
-0.317435, 0.862712, 1.
0.771705, 0.051845, 1.
0.014956, -0.629769, 1.
-0.519898, 0.067835, 1.
-0.164813, -0.018373, 1.
0.768271, 0.325610, 1.
-0.030911, 0.480326, 1.
0.860597, 0.055492, 1.
-0.381219, 0.859118, 1.
0.155008, -0.787542, 1.
-0.218071, 0.887930, 1.
-0.564667, -0.354610, 1.
0.066905, 0.475212, 1.
0.511384, 0.832592, 1.
0.433630, 0.022597, 1.
0.158579, -0.767179, 1.
0.026897, 0.059001, 1.
-0.372147, -0.673034, 1.
0.315182, -0.739396, 1.
0.644060, 0.716415, 1.
0.780597, -0.502585, 1.
0.193154, 0.346796, 1.
-0.361189, -0.496558, 1.
0.354451, -0.745981, 1.
0.298378, 0.832436, 1.
0.399555, -0.672757, 1.
0.084542, 0.900231, 1.
0.185422, 0.390076, 1.
0.002338, -0.703651, 1.
0.789684, 0.217616, 1.
-0.526936, -0.208828, 1.
0.223828, -0.114670, 1.
0.735040, -0.190710, 1.
0.739232, 0.267338, 1.
-0.596093, -0.536173, 1.
-0.702672, 0.185984, 1.
-0.160977, 0.467795, 1.
0.285849, 0.269496, 1.
-0.578239, -0.457523, 1.
0.655537, -0.397158, 1.
0.268992, 0.949216, 1.
0.816923, 0.023935, 1.
0.270254, 0.153308, 1.
0.639339, -0.634971, 1.
0.040445, -0.241003, 1.
-0.540799, 0.790642, 1.
0.589118, -0.693431, 1.
-0.492126, 0.836379, 1.
0.738724, -0.271059, 1.
0.311550, 0.226788, 1.
-0.336860, 0.393106, 1.
0.932827, 0.029580, 1.
0.909391, 0.140968, 1.
-0.210333, 0.925606, 1.
0.307137, 0.053391, 1.
0.284478, -0.780805, 1.
-0.547894, -0.456960, 1.
-0.129629, -0.671279, 1.
-0.191553, 0.575256, 1.
0.693382, -0.321628, 1.
0.390561, 0.157102, 1.
0.410082, 0.254999, 1.
0.135410, -0.156911, 1.
0.770192, 0.614345, 1.
-0.699344, 0.125100, 1.
0.524387, -0.628444, 1.
0.226524, -0.810135, 1.
0.055415, -0.639698, 1.
0.248662, -0.744635, 1.
0.360337, 0.178982, 1.
0.152845, 0.858347, 1.
0.232981, -0.282092, 1.
-0.870324, 0.469326, 1.
0.737327, 0.251602, 1.
0.892977, 0.272362, 1.
0.205648, 0.333058, 1.
0.099866, 0.442846, 1.
0.915210, -0.070661, 1.
0.404948, -0.042508, 1.
-0.439486, -0.441381, 1.
0.475407, 0.166645, 1.
0.714613, 0.507684, 1.
0.372305, -0.662040, 1.
0.865222, -0.214449, 1.
-0.241372, -0.739017, 1.
0.290702, -0.163442, 1.
-0.676153, -0.099046, 1.
0.596337, 0.639382, 1.
0.193786, 0.969183, 1.
0.561825, 0.596242, 1.
-0.104376, -0.250295, 1.
-0.049479, 0.403711, 1.
0.055908, -0.354578, 1.
-0.569626, 0.289846, 1.
-0.110709, -0.678007, 1.
0.730795, 0.466205, 1.
-0.539796, -0.344644, 1.
0.362350, 0.012580, 1.
-0.569030, 0.311934, 1.
0.241314, -0.228228, 1.
0.173122, -0.346818, 1.
-0.594648, -0.250777, 1.
0.746989, 0.644554, 1.
0.376618, -0.180109, 1.
0.905197, -0.347007, 1.
-0.148552, -0.707299, 1.
0.008860, 0.906920, 1.
0.137467, 0.404883, 1.
-0.141725, 0.028464, 1.
0.657678, -0.411998, 1.
-0.444245, -0.433387, 1.
0.069593, -0.353301, 1.
0.065280, -0.846800, 1.
0.253568, -0.275615, 1.
-0.256653, 0.428705, 1.
0.422250, 0.755430, 1.
-0.189274, 0.877946, 1.
-0.363448, -0.472277, 1.
0.438875, 0.172449, 1.
0.353548, 0.087220, 1.
-0.096643, -0.277499, 1.
0.255042, 0.490759, 1.
0.180094, 0.847474, 1.
-0.510174, -0.490840, 1.
-0.389702, 0.272594, 1.
-0.507025, 0.434481, 1.
-0.625942, -0.212454, 1.
-0.165262, 0.438181, 1.
0.505790, 0.814292, 1.
-0.188102, 0.572801, 1.
0.439539, -0.671328, 1.
0.072309, -0.694654, 1.
0.061623, -0.309015, 1.
0.386462, -0.738802, 1.
0.644173, 0.613667, 1.
-0.091877, -0.171589, 1.
0.104151, 0.458044, 1.
0.341966, -0.581898, 1.
0.071238, -0.695930, 1.
-0.491335, 0.133146, 1.
-0.599654, -0.381602, 1.
-0.233520, -0.776336, 1.
-0.030828, -0.123419, 1.
-0.398849, 0.536953, 1.
0.769819, 0.348679, 1.
-0.922450, 0.380245, 1.
0.268542, -0.620417, 1.
0.243927, -0.317021, 1.
0.810263, 0.083657, 1.
0.021802, 0.431744, 1.
-0.520841, 0.219249, 1.
0.918419, -0.124124, 1.
0.194643, -0.636386, 1.
0.252743, -0.140419, 1.
-0.025238, -0.179830, 1.
-0.403552, -0.492189, 1.
-0.585853, -0.431840, 1.
-0.462519, 0.444450, 1.
0.430543, 0.140155, 1.
0.042434, -0.813156, 1.
-0.707762, 0.641906, 1.
0.496588, 0.154138, 1.
0.087737, 0.600081, 1.
0.017518, 0.419129, 1.
0.395060, -0.219369, 1.
-0.131143, -0.119689, 1.
0.379614, 0.175079, 1.
0.109509, 0.512522, 1.
0.548629, 0.810148, 1.
0.311681, 0.428878, 1.
0.133307, 0.487153, 1.
0.453222, -0.691354, 1.
0.418051, 0.189566, 1.
0.034416, 0.423856, 1.
0.312950, -0.244250, 1.
0.144131, 0.415317, 1.
0.225518, 0.287709, 1.
-0.476446, 0.371066, 1.
-0.392763, 0.838995, 1.
-0.211349, -0.149246, 1.
0.140353, 0.912062, 1.
0.723712, -0.576706, 1.
0.215084, 0.918371, 1.
0.515427, 0.789347, 1.
-0.657491, -0.444432, 1.
0.438382, -0.110479, 1.
-0.042662, 0.975527, 1.
-0.320503, -0.689223, 1.
0.233787, -0.745932, 1.
-0.885676, 0.436076, 1.
-0.337984, -0.491485, 1.
0.064011, -0.163669, 1.
-0.647476, -0.121550, 1.
-0.555507, -0.402476, 1.
-0.416344, 0.499055, 1.
0.632332, -0.395845, 1.
-0.488883, -0.658390, 1.
-0.095286, 0.530951, 1.
0.474010, 0.681605, 1.
-0.385469, -0.582766, 1.
0.471363, 0.204223, 1.
0.379656, 0.883241, 1.
0.703970, -0.382236, 1.
0.771478, 0.232734, 1.
0.656955, -0.555924, 1.
-0.663309, -0.227042, 1.
-0.019867, 0.092033, 1.
0.800059, 0.598922, 1.
0.078205, 0.387540, 1.
0.569683, 0.668478, 1.
-0.083585, -0.805663, 1.
0.896056, 0.020096, 1.
-0.238924, 0.409950, 1.
0.035723, 0.389344, 1.
-0.290149, -0.530598, 1.
0.234179, -0.150463, 1.
0.748239, -0.354308, 1.
-0.115081, -0.165048, 1.
0.781480, 0.331296, 1.
0.097058, -0.739376, 1.
0.129331, -0.330851, 1.
-0.145266, 0.520493, 1.
0.289295, 0.177460, 1.
0.565407, 0.792245, 1.
-0.090559, -0.028411, 1.
0.147071, -0.182230, 1.
-0.742083, -0.192157, 1.
0.420495, -0.734079, 1.
0.327822, -0.289237, 1.
-0.365271, 0.889240, 1.
-0.264260, 0.588015, 1.
0.111532, 0.521681, 1.
-0.114238, 0.007959, 1.
0.187526, -0.251515, 1.
0.269070, 0.254748, 1.
-0.450091, -0.677863, 1.
-0.709957, -0.240173, 1.
-0.579511, 0.157079, 1.
0.031803, 0.507547, 1.
0.343058, -0.218042, 1.
-0.322935, 0.426560, 1.
-0.061732, 0.467955, 1.
-0.686390, -0.156327, 1.
-0.213102, 0.391564, 1.
-0.819149, 0.554437, 1.
0.426496, 0.110723, 1.
0.291061, -0.140988, 1.
0.637081, -0.575112, 1.
0.095654, -0.340778, 1.
0.377485, 0.382510, 1.
0.412212, 0.049963, 1.
0.409370, 0.275176, 1.
-0.034264, 0.130811, 1.
-0.093267, 0.453785, 1.
0.769193, -0.177490, 1.
0.925457, 0.148485, 1.
-0.408491, 0.493919, 1.
-0.466423, 0.824335, 1.
0.601028, -0.517821, 1.
-0.387501, -0.734929, 1.
0.053151, -0.691787, 1.
-0.390499, 0.880127, 1.
0.292980, 0.118351, 1.
0.079307, 0.915984, 1.
-0.705649, 0.161413, 1.
0.867846, -0.119401, 1.
-0.717788, 0.134243, 1.
0.127385, 0.965491, 1.
-0.180328, -0.778643, 1.
0.354870, 0.296186, 1.
0.000149, 0.501347, 1.
0.134779, -0.761000, 1.
-0.124587, 0.072913, 1.
0.069595, -0.320556, 1.
-0.007266, -0.120060, 1.
0.769946, 0.474446, 1.
-0.104096, 0.450723, 1.
0.771620, 0.614079, 1.
0.821828, 0.468928, 1.
-0.466211, 0.388198, 1.
0.661906, 0.651576, 1.
0.573183, -0.508969, 1.
0.207884, -0.101857, 1.
0.091615, -0.234234, 1.
0.400868, -0.603335, 1.
0.301763, -0.264585, 1.
-0.158395, -0.143456, 1.
0.936519, 0.074672, 1.
0.730559, 0.509991, 1.
-0.574185, -0.326725, 1.
0.145168, -0.158521, 1.
0.072694, -0.229181, 1.
0.152731, 0.957760, 1.
0.447901, -0.120771, 1.
0.223577, -0.349425, 1.
-0.714477, -0.219301, 1.
-0.562023, 0.086629, 1.
0.442843, 0.860159, 1.
0.692537, -0.522889, 1.
-0.187536, 0.075766, 1.
-0.600298, 0.792025, 1.
0.823219, -0.150154, 1.
-0.368030, 0.512352, 1.
0.468214, -0.729269, 1.
-0.604407, -0.265259, 1.
-0.203288, -0.662554, 1.
0.459815, 0.118640, 1.
0.452202, 0.167098, 1.
0.408327, 0.744735, 1.
0.755973, -0.362541, 1.
0.905096, -0.045940, 1.
-0.108526, 0.000570, 1.
-0.426636, -0.478325, 1.
0.786610, 0.555721, 1.
0.007380, 0.036941, 1.
0.270251, 0.109480, 1.
-0.400294, 0.262467, 1.
0.678442, 0.567639, 1.
0.308901, -0.305065, 1.
-0.579901, -0.401356, 1.
0.417641, -0.707610, 1.
-0.682712, -0.342254, 1.
0.488457, -0.505007, 1.
0.346781, 0.341853, 1.
-0.483627, -0.321785, 1.
-0.240304, -0.796534, 1.
0.588241, 0.569109, 1.
0.748722, -0.228815, 1.
0.306731, -0.774819, 1.
-0.375115, -0.563822, 1.
-0.622380, -0.333372, 1.
0.238072, -0.729968, 1.
-0.568217, -0.025839, 1.
-0.277333, 0.857564, 1.
0.558141, 0.680473, 1.
0.028072, -0.197120, 1.
0.431690, -0.584421, 1.
-0.370153, 0.835675, 1.
-0.069020, -0.019623, 1.
0.200235, -0.647264, 1.
-0.566562, -0.211846, 1.
0.168881, 0.391241, 1.
-0.203341, 0.454710, 1.
0.312691, -0.605651, 1.
0.477550, 0.186210, 1.
-0.189131, -0.721488, 1.
-0.733148, -0.011738, 1.
0.747750, -0.566283, 1.
0.489360, 0.671153, 1.
0.060996, -0.844247, 1.
0.739086, -0.175116, 1.
0.831659, -0.298964, 1.
0.535453, -0.649414, 1.
-0.696933, 0.641493, 1.
-0.424802, 0.346394, 1.
-0.164067, 0.520770, 1.
-0.611184, -0.171724, 1.
-0.164103, -0.086791, 1.
0.034262, -0.160348, 1.
0.169563, -0.158640, 1.
-0.622106, 0.257889, 1.
0.751463, -0.157812, 1.
-0.682358, -0.383710, 1.
0.978651, 0.191117, 1.
-0.262357, 0.562427, 1.
0.718477, -0.557853, 1.
0.815632, 0.329975, 1.
-0.113927, -0.772917, 1.
-0.241893, 0.505044, 1.
0.867270, 0.209429, 1.
-0.120189, -0.020819, 1.
0.231790, -0.310992, 1.
-0.107336, -0.002900, 1.
0.033546, -0.190761, 1.
-0.301825, -0.776369, 1.
0.791726, 0.532473, 1.
-0.563812, 0.019002, 1.
0.290888, 0.955742, 1.
0.995894, -0.011609, 1.
0.882502, 0.210578, 1.
-0.319898, -0.522284, 1.
-0.062517, -0.716268, 1.
-0.315197, 0.484303, 1.
-0.620943, -0.185125, 1.
0.735324, 0.593972, 1.
0.737335, 0.391647, 1.
0.411842, -0.171358, 1.
0.171020, 0.328348, 1.
0.542085, 0.819811, 1.
0.671429, 0.706666, 1.
0.934492, 0.013499, 1.
-0.420096, -0.552414, 1.
0.845729, 0.170447, 1.
-0.133080, -0.668025, 1.
0.555454, -0.486599, 1.
-0.734214, 0.067050, 1.
0.916053, 0.103442, 1.
-0.945063, 0.319279, 1.
0.117439, -0.203752, 1.
-0.115632, 0.576029, 1.
-0.171520, -0.733461, 1.
0.713414, 0.355629, 1.
0.115103, 0.532026, 1.
-0.237639, 0.004218, 1.
0.891558, 0.414975, 1.
-0.585598, -0.150832, 1.
0.968411, 0.081117, 1.
-0.663372, 0.704455, 1.
-0.598914, 0.056268, 1.
-0.305265, -0.582402, 1.
-0.432887, 0.463343, 1.
-0.601669, -0.249088, 1.
0.452277, -0.583720, 1.
0.820830, -0.318243, 1.
-0.711375, -0.072359, 1.
-0.139715, -0.188011, 1.
0.659342, -0.437502, 1.
0.910316, -0.325786, 1.
0.514639, -0.467568, 1.
-0.556194, 0.040935, 1.
0.742061, -0.176669, 1.
0.552234, -0.604205, 1.
0.381081, 0.831461, 1.
0.363371, -0.827010, 1.
0.446764, 0.765592, 1.
-0.644634, -0.371728, 1.
0.365548, -0.227354, 1.
0.862277, 0.296992, 1.
0.369025, 0.196258, 1.
0.504633, -0.640982, 1.
-0.749887, 0.649697, 1.
-0.549800, -0.481242, 1.
-0.981963, 0.151455, 1.
-0.497558, -0.463587, 1.
0.315846, 0.426203, 1.
-0.196084, 0.410925, 1.
-0.374233, 0.267743, 1.
-0.043642, 0.502350, 1.
0.312540, 0.853033, 1.
0.499597, 0.719058, 1.
-0.165616, 0.486008, 1.
0.334849, -0.190186, 1.
-0.455633, 0.171266, 1.
0.468372, -0.072592, 1.
-0.054433, -0.863489, 1.
-0.618536, 0.258295, 1.
-0.102112, -0.202761, 1.
-0.564264, 0.410832, 1.
-0.184419, 0.468456, 1.
-0.662108, -0.051179, 1.
0.949835, -0.119264, 1.
0.415148, -0.607283, 1.
-0.603936, -0.356446, 1.
-0.014345, 0.910691, 1.
0.507374, -0.561213, 1.
-0.312769, -0.704045, 1.
-0.048910, -0.034830, 1.
-0.663197, -0.350514, 1.
0.115719, 0.892042, 1.
0.747989, -0.544311, 1.
0.363791, 0.239059, 1.
-0.135060, 0.053157, 1.
-0.590342, 0.123995, 1.
-0.089333, 0.575743, 1.
-0.066173, -0.176307, 1.
0.800631, 0.203004, 1.
-0.114302, 0.925040, 1.
-0.004922, -0.723072, 1.
-0.119253, -0.285560, 1.
0.600900, -0.666973, 1.
0.183157, 0.321849, 1.
0.544096, 0.625280, 1.
0.723188, 0.622824, 1.
-0.203935, 0.472223, 1.
0.653141, -0.660478, 1.
0.572827, -0.491462, 1.
0.002886, 0.509285, 1.
-0.454598, -0.426051, 1.
-0.512773, -0.175834, 1.
0.766106, -0.056207, 1.
-0.207173, 0.045147, 1.
0.782301, 0.135274, 1.
-0.446046, -0.695405, 1.
0.324162, 0.193106, 1.
0.456886, 0.881902, 1.
0.668812, 0.715145, 1.
-0.140124, 0.928212, 1.
-0.567993, -0.254374, 1.
0.906541, 0.227122, 1.
0.190417, 0.339078, 1.
0.268052, -0.842363, 1.
0.411745, 0.204326, 1.
-0.438368, 0.349387, 1.
0.145525, -0.164884, 1.
0.796589, 0.277162, 1.
-0.033915, -0.002417, 1.
0.362131, 0.340526, 1.
-0.324660, -0.558195, 1.
0.414673, -0.587190, 1.
-0.715417, -0.011365, 1.
0.284482, -0.710555, 1.
-0.701854, -0.060205, 1.
0.153208, 0.972604, 1.
0.551515, -0.691391, 1.
-0.207698, -0.782747, 1.
-0.151882, -0.680052, 1.
0.368854, -0.664922, 1.
0.656968, -0.345880, 1.
0.790260, -0.096829, 1.
0.646362, -0.597717, 1.
0.156296, 0.868069, 1.
-0.369052, -0.651925, 1.
-0.111659, -0.645037, 1.
0.860012, 0.223287, 1.
0.124544, -0.794770, 1.
0.292902, 0.804147, 1.
-0.477890, 0.095860, 1.
-0.679952, 0.043369, 1.
0.717167, -0.570409, 1.
-0.649600, 0.168574, 1.
-0.768809, 0.621237, 1.
-0.866042, 0.426280, 1.
0.126165, 0.461093, 1.
-0.421470, 0.351297, 1.
0.685282, -0.473484, 1.
0.156088, -0.633151, 1.
0.461949, -0.028950, 1.
-0.645402, 0.724686, 1.
0.416922, -0.788206, 1.
-0.018746, 0.936490, 1.
0.825236, -0.260911, 1.
-0.174128, -0.577455, 1.
0.711987, 0.358635, 1.
0.360908, -0.226359, 1.
-0.224288, 0.384941, 1.
0.251730, 0.834488, 1.
-0.728758, -0.228767, 1.
-0.668189, -0.246625, 1.
0.382392, 0.855255, 1.
0.276095, 0.329913, 1.
0.850503, 0.410032, 1.
0.332613, 0.223300, 1.
0.949355, -0.183805, 1.
0.782045, -0.164893, 1.
0.542079, 0.713419, 1.
0.430433, 0.291175, 1.
-0.051233, 0.927006, 1.
0.184468, 0.351325, 1.
0.719265, 0.686257, 1.
0.149096, -0.145366, 1.
0.835476, -0.157141, 1.
0.086374, -0.313681, 1.
0.672677, -0.318946, 1.
0.859195, 0.489950, 1.
0.581981, -0.639443, 1.
-0.364042, -0.447501, 1.
-0.582829, 0.386137, 1.
-0.256532, 0.465142, 1.
-0.366792, -0.676706, 1.
0.815397, 0.372712, 1.
0.836080, -0.004540, 1.
0.511654, -0.626189, 1.
-0.359114, 0.363797, 1.
0.338078, 0.081036, 1.
0.900080, -0.354814, 1.
-0.414989, -0.716850, 1.
-0.745762, -0.016389, 1.
0.438912, 0.797416, 1.
-0.604420, -0.493460, 1.
0.417885, -0.602538, 1.
-0.229555, -0.128086, 1.
0.753017, -0.040373, 1.
-0.546035, 0.793357, 1.
-0.229989, 0.581416, 1.
-0.297823, 0.488285, 1.
-0.528743, -0.579054, 1.
0.610776, -0.692863, 1.
-0.531942, -0.349122, 1.
0.300338, -0.216108, 1.
-0.531784, 0.300777, 1.
-0.500732, 0.194604, 1.
0.701471, -0.370285, 1.
0.327059, 0.875314, 1.
0.287904, 0.797950, 1.
-0.457463, -0.580777, 1.
0.403302, 0.289288, 1.
-0.328856, 0.914244, 1.
-0.309313, -0.616310, 1.
-0.323739, 0.913191, 1.
-0.002667, -0.829326, 1.
0.084749, 0.376814, 1.
0.812040, -0.038051, 1.
0.904855, -0.096289, 1.
-0.134082, 0.485214, 1.
0.792880, -0.062232, 1.
-0.723760, -0.227281, 1.
0.352758, 0.809237, 1.
0.838127, 0.401024, 1.
0.742345, 0.587508, 1.
-0.744533, 0.631906, 1.
0.958068, 0.254795, 1.
0.403420, 0.271645, 1.
-0.461736, -0.395823, 1.
0.281367, 0.939174, 1.
0.692552, -0.271083, 1.
-0.090741, 0.921402, 1.
0.009047, 0.045122, 1.
0.331995, -0.155734, 1.
0.818351, 0.031808, 1.
0.355322, -0.102641, 1.
0.919976, 0.036001, 1.
-0.702220, -0.207912, 1.
0.107763, -0.835659, 1.
0.170038, -0.169732, 1.
-0.693774, -0.266640, 1.
-0.489589, -0.523542, 1.
0.830471, -0.274708, 1.
0.450136, -0.566564, 1.
-0.662722, -0.375741, 1.
0.925693, 0.126065, 1.
0.778502, 0.275607, 1.
0.131635, 0.386668, 1.
0.414877, 0.830257, 1.
-0.435033, 0.396662, 1.
0.484329, 0.112398, 1.
-0.924951, 0.348948, 1.
0.772741, -0.548977, 1.
-0.663553, -0.327715, 1.
0.692123, 0.514679, 1.
0.217678, 0.513877, 1.
0.738541, 0.664417, 1.
0.849074, 0.384408, 1.
-0.051168, 0.011725, 1.
-0.526230, -0.351347, 1.
0.873113, 0.402142, 1.
0.795743, 0.059937, 1.
0.442318, 0.039418, 1.
0.502260, -0.523690, 1.
0.374136, 0.108145, 1.
0.474527, -0.625615, 1.
-0.718280, -0.127257, 1.
-0.034573, 0.935214, 1.
0.135120, 0.967949, 1.
0.320237, 0.225015, 1.
-0.177370, 0.936520, 1.
0.911651, 0.118159, 1.
-0.098018, 0.605472, 1.
